local Player = owner
local Char = Player.Character
local Hum = Char:WaitForChild("Humanoid")
local RootPart = Char:WaitForChild("HumanoidRootPart")
local Torso = Char:WaitForChild("Torso")
local Head = Char:WaitForChild("Head")
local RA = Char:WaitForChild("Right Arm")
local LA = Char:WaitForChild("Left Arm")
local RL = Char:WaitForChild("Right Leg")
local LL = Char:WaitForChild("Left Leg")
local RunningAnims = {}
local Animating = {}
local PauseAnims = {}

local function tick()
	return os.clock()
end

local function wait(Num)
	local CurrentTick = tick()
	repeat
		game:GetService("RunService").Stepped:Wait()
	until tick() >= CurrentTick + (Num or 0)
end

local function spawn(Func)
	coroutine.wrap(Func)()
end

function CreateWeld(PropertyTable)
	local Weld = Instance.new("Weld")
	Weld.Parent = PropertyTable.Parent
	Weld.Part0 = PropertyTable.Part0
	Weld.Part1 = PropertyTable.Part1
	Weld.C0 = PropertyTable.C0 or CFrame.new()
	return Weld
end

function SetTween(Instance,PropertyTable,Style,Direction,Time)
	Style = Enum.EasingStyle[Style]
	Direction = Enum.EasingDirection[Direction]
	local Info = TweenInfo.new(
		Time,
		Style,
		Direction,
		0,
		false,
		0
	)
	local TweenAnim = game:GetService("TweenService"):Create(Instance,Info,PropertyTable)
	TweenAnim:Play()
	return TweenAnim
end

-- Keyframe Order: Time Position, RJ, Neck, RS, LS, RH, LH

function PlayAnimation(AnimationTable,Priority,TweenTime,Looped,Speed,WaitUntilFinish,FunctionsAfterTime)
	local function Start()
		Priority = Priority or 1
		Speed = Speed or 1
		local Joints = {RJ,Neck,RS,LS,RH,LH,Grip} -- Don't change the first 6 elements. Any tool welds can be added afterward, like "Grip".
		local Id = tick().."/"..tostring(Looped).."|"..Priority
		table.insert(RunningAnims,Id)
		local PausedAnimIDs = {}
		local WaitForAnim
		local Delete = {}
		for v, Anim in pairs(RunningAnims) do
			if Anim ~= Id then
				for i = 2, #AnimationTable[1] do
					if AnimationTable[1][i] and table.find(Animating,tostring(Joints[i - 1].Part1)..Anim) and not table.find(PauseAnims,tostring(Joints[i - 1].Part1)..Anim) then
						if tonumber(string.sub(Anim,string.find(Anim,"|") + 1)) > Priority then
							table.insert(PauseAnims,tostring(Joints[i - 1].Part1)..Id)
							if string.sub(Anim,string.find(Anim,"/") + 1,string.find(Anim,"|") - 1) ~= "true" then
								WaitForAnim = Anim
							end
						elseif tonumber(string.sub(Anim,string.find(Anim,"|") + 1)) <= Priority then
							table.insert(PauseAnims,tostring(Joints[i - 1].Part1)..Anim)
							if not table.find(PausedAnimIDs,Anim) then
								table.insert(PausedAnimIDs,Anim)
							end
						end
					end
				end
				local AnimatingNum = 0
				local PausedNum = 0
				for _, Joint in pairs(Joints) do
					if table.find(Animating,tostring(Joint.Part1)..Anim) then
						AnimatingNum += 1
					end
					if table.find(PauseAnims,tostring(Joint.Part1)..Anim) then
						PausedNum += 1
					end
				end
				if table.find(RunningAnims,Anim) and (PausedNum == AnimatingNum or string.sub(Anim,string.find(Anim,"/") + 1,string.find(Anim,"|") - 1) == "true") then
					table.insert(Delete,Anim)
					if table.find(PausedAnimIDs,Anim) then
						table.remove(PausedAnimIDs,table.find(PausedAnimIDs,Anim))
					end
				end
			end
		end
		for _, Anim in pairs(Delete) do
			table.remove(RunningAnims,table.find(RunningAnims,Anim))
		end
		local Loops = 0
		local TablesCompleted = {}
		repeat
			local Tween
			local CurrentTimePos = AnimationTable[1][1]
			local TweenTime = TweenTime or .1
			for v, Keyframe in pairs(AnimationTable) do
				for i = 2, #Keyframe do
					if Keyframe[i] and table.find(RunningAnims,Id) then
						if not table.find(PauseAnims,tostring(Joints[i - 1].Part1)..Id) then
							if typeof(Keyframe[i]) == "CFrame" then
								if v == 1 then
									if Loops < 1 then
										Tween = SetTween(Joints[i - 1],{C0 = Keyframe[i]},"Linear","In",TweenTime)
									else
										Tween = SetTween(Joints[i - 1],{C0 = Keyframe[i]},"Linear","In",.05 / Speed)
									end
								else
									Tween = SetTween(Joints[i - 1],{C0 = Keyframe[i]},"Linear","In",(Keyframe[1] - CurrentTimePos) / Speed)
								end
							else
								Joints[i - 1].Part0 = Keyframe[i][1]
								if v == 1 then
									if Loops < 1 then
										SetTween(Joints[i - 1],{C0 = Keyframe[i][2]},"Linear","In",0)
									else
										Tween = SetTween(Joints[i - 1],{C0 = Keyframe[i][2]},"Linear","In",.05 / Speed)
									end
								else
									Tween = SetTween(Joints[i - 1],{C0 = Keyframe[i][2]},"Linear","In",(Keyframe[1] - CurrentTimePos) / Speed)
								end
							end
						end
						if not table.find(Animating,tostring(Joints[i - 1].Part1)..Id) then
							table.insert(Animating,tostring(Joints[i - 1].Part1)..Id)
						end
					end
				end
				while Tween and Tween.PlaybackState ~= Enum.PlaybackState.Completed do
					if WaitForAnim and not table.find(RunningAnims,WaitForAnim) then
						WaitForAnim = nil
						for _, Joint in pairs(Joints) do
							if table.find(PauseAnims,tostring(Joint.Part1)..Id) then
								table.remove(PauseAnims,table.find(PauseAnims,tostring(Joint.Part1)..Id))
							end
						end
					end
					local AnimatingNum = 0
					local PausedNum = 0
					for _, Joint in pairs(Joints) do
						if table.find(Animating,tostring(Joint.Part1)..Id) then
							AnimatingNum += 1
						end
						if table.find(PauseAnims,tostring(Joint.Part1)..Id) then
							PausedNum += 1
						end
					end
					if PausedNum == AnimatingNum and table.find(RunningAnims,Id) then
						table.remove(RunningAnims,table.find(RunningAnims,Id))
					end
					if not table.find(RunningAnims,Id) then
						break
					end
					wait()
				end
				if FunctionsAfterTime and #FunctionsAfterTime > 0 then
					for _, Table in pairs(FunctionsAfterTime) do
						if Keyframe[1] >= Table[1] and not table.find(TablesCompleted,Table) then
							spawn(Table[2])
							table.insert(TablesCompleted,Table)
						end
					end
				end
				for i = 2, #Keyframe do
					if Keyframe[i] and AnimationTable[v + 1] and AnimationTable[v + 1][i] == false and table.find(RunningAnims,Id) then
						local LaterKeyframe
						local LaterTimePos
						for _, Keyframe in pairs({table.unpack(AnimationTable,v + 2)}) do
							if Keyframe[i] then
								LaterKeyframe = Keyframe
								LaterTimePos = Keyframe[1]
								break
							end
						end
						if LaterTimePos then
							if not table.find(PauseAnims,tostring(Joints[i - 1].Part1)..Id) then
								if typeof(Keyframe[i]) == "CFrame" then
									SetTween(Joints[i - 1],{C0 = LaterKeyframe[i]},"Linear","In",(LaterTimePos - Keyframe[1]) / Speed)
								else
									Joints[i - 1].Part0 = Keyframe[i][1]
									SetTween(Joints[i - 1],{C0 = LaterKeyframe[i][2]},"Linear","In",(LaterTimePos - Keyframe[1]) / Speed)
								end
							end
							if not table.find(Animating,tostring(Joints[i - 1].Part1)..Id) then
								table.insert(Animating,tostring(Joints[i - 1].Part1)..Id)
							end
						end
					end
				end
				CurrentTimePos = Keyframe[1]
			end
			Loops += 1
			if not Tween then
				wait()
			end
		until not Looped or not table.find(RunningAnims,Id)
		for _, OtherId in pairs(PausedAnimIDs) do
			for _, Joint in pairs(Joints) do
				if table.find(Animating,tostring(Joint.Part1)..Id) and table.find(PauseAnims,tostring(Joint.Part1)..OtherId) then
					table.remove(PauseAnims,table.find(PauseAnims,tostring(Joint.Part1)..OtherId))
				end
			end
		end
		for _, Joint in pairs(Joints) do
			for i, Anim in pairs(Animating) do
				if Anim == tostring(Joint.Part1)..Id then
					table.remove(Animating,i)
				end
			end
			for i, Anim in pairs(PauseAnims) do
				if Anim == tostring(Joint.Part1)..Id then
					table.remove(PauseAnims,i)
				end
			end
		end
		if table.find(RunningAnims,Id) then
			table.remove(RunningAnims,table.find(RunningAnims,Id))
		end
	end
	if WaitUntilFinish then
		Start()
	else
		spawn(Start)
	end
end

local Handle = Instance.new("Part",Char)
Handle.CanCollide = false
Handle.Size = Vector3.new(0.122, 0.182, 1.397)
Handle.Color = Color3.fromRGB(40,40,40)

RJ = CreateWeld({Part0 = RootPart,Part1 = Torso,Parent = RootPart})
Neck = CreateWeld({Part0 = Torso,Part1 = Head,C0 = CFrame.new(0,1.5,0),Parent = RootPart})
RS = CreateWeld({Part0 = Torso,Part1 = RA,C0 = CFrame.new(1.5,0,0),Parent = RootPart})
LS = CreateWeld({Part0 = Torso,Part1 = LA,C0 = CFrame.new(-1.5,0,0),Parent = RootPart})
RH = CreateWeld({Part0 = Torso,Part1 = RL,C0 = CFrame.new(.5,-2,0),Parent = RootPart})
LH = CreateWeld({Part0 = Torso,Part1 = LL,C0 = CFrame.new(-.5,-2,0),Parent = RootPart})
Grip = CreateWeld({Part0 = Torso,Part1 = Handle,C0 = CFrame.new(-2.95,1.79,.55) * CFrame.Angles(math.pi / 2,1.1,math.pi / 2),Parent = RootPart})

local idle = {
	{
		0.000005699985194951296,
		false,
		false,
		CFrame.new(1.48664093, 0.0333380699, -0.416908264, 0.999652326, 0.0263710637, -1.34116999e-05, 0.000989680178, -0.0380241387, -0.99927634, -0.0263524912, 0.998928845, -0.0380370244),
		CFrame.new(0.600393295, -0.183588982, -2.4054184, 0.748970509, -0.355390251, 0.559232891, 0.344974041, -0.511438429, -0.78703469, 0.565717757, 0.782386363, -0.260451823),
		false,
		false,
	},
	{
		0.016800399986095726,
		false,
		false,
		CFrame.new(1.48664093, 0.0333380699, -0.416908264, 0.999652326, 0.0263710637, -1.34116999e-05, 0.000989680178, -0.0380241387, -0.99927634, -0.0263524912, 0.998928845, -0.0380370244),
		CFrame.new(0.600429535, -0.183555126, -2.40542603, 0.748969913, -0.355458766, 0.559190035, 0.344905525, -0.511437833, -0.787065029, 0.565760255, 0.782355547, -0.260451823),
		false,
		false,
	},
	{
		0.0499271999578923,
		false,
		false,
		CFrame.new(1.48664093, 0.0333380699, -0.416908264, 0.999652326, 0.0263710637, -1.34116999e-05, 0.000989680178, -0.0380241387, -0.99927634, -0.0263524912, 0.998928845, -0.0380370244),
		CFrame.new(0.600442886, -0.183613062, -2.40543365, 0.748969793, -0.355489075, 0.559170723, 0.344936192, -0.511352599, -0.787106931, 0.56574142, 0.782397449, -0.260366648),
		false,
		false,
	},
	{
		0.06704199995147064,
		false,
		false,
		CFrame.new(1.48664093, 0.0333380699, -0.416908264, 0.999652326, 0.0263710637, -1.34116999e-05, 0.000989680178, -0.0380241387, -0.99927634, -0.0263524912, 0.998928845, -0.0380370244),
		CFrame.new(0.600442886, -0.183613062, -2.40543365, 0.748969793, -0.355489075, 0.559170723, 0.344936192, -0.511352599, -0.787106931, 0.56574142, 0.782397449, -0.260366648),
		false,
		false,
	},
	{
		0.09974949999013916,
		false,
		false,
		CFrame.new(1.48664093, 0.0333380699, -0.416908264, 0.999652207, 0.0263710637, -1.34135626e-05, 0.000989682041, -0.0380243771, -0.99927628, -0.0263524912, 0.998928785, -0.0380372629),
		CFrame.new(0.600496292, -0.183689117, -2.40546417, 0.748969436, -0.355593711, 0.5591048, 0.344938666, -0.511202812, -0.787203193, 0.565740585, 0.782447815, -0.260217249),
		false,
		false,
	},
	{
		0.11733999999705702,
		false,
		false,
		CFrame.new(1.48664093, 0.0333380699, -0.416908264, 0.999652326, 0.0263710655, -1.34089059e-05, 0.000989682972, -0.0380241387, -0.99927634, -0.026352495, 0.998928845, -0.0380370244),
		CFrame.new(0.600524902, -0.183753252, -2.40547943, 0.748969257, -0.355648845, 0.559069872, 0.344960004, -0.511095941, -0.787263215, 0.565727711, 0.782492578, -0.260110497),
		false,
		false,
	},
	{
		0.15027159999590367,
		false,
		false,
		CFrame.new(1.48664093, 0.0332772732, -0.416915894, 0.999652386, 0.0263710655, -1.18321714e-05, 0.000988103449, -0.0379044227, -0.99928087, -0.0263525527, 0.998933375, -0.0379173085),
		CFrame.new(0.600589752, -0.183835268, -2.40550232, 0.748968482, -0.355778098, 0.558988392, 0.344952941, -0.510924816, -0.787377298, 0.565732777, 0.782545507, -0.259939969),
		false,
		false,
	},
	{
		0.1835168999969028,
		false,
		false,
		CFrame.new(1.48662567, 0.0332167149, -0.416915894, 0.999652147, 0.0263710637, -1.02489184e-05, 0.000986524858, -0.0377847031, -0.99928534, -0.0263526086, 0.998937845, -0.0377975889),
		CFrame.new(0.600654602, -0.183917522, -2.40553284, 0.748967886, -0.35590744, 0.558906794, 0.344945967, -0.510753274, -0.78749162, 0.565737724, 0.782598674, -0.259769082),
		false,
		false,
	},
	{
		0.20063929999014363,
		false,
		false,
		CFrame.new(1.48664093, 0.0332167149, -0.416915894, 0.999652147, 0.0263710637, -1.02489184e-05, 0.000986524858, -0.0377847031, -0.99928534, -0.0263526086, 0.998937845, -0.0377975889),
		CFrame.new(0.600719452, -0.183999538, -2.40556335, 0.74896723, -0.356036693, 0.558825374, 0.344938964, -0.510582149, -0.787605643, 0.56574285, 0.782651544, -0.259598464),
		false,
		false,
	},
	{
		0.23339249996934086,
		false,
		false,
		CFrame.new(1.48664093, 0.0331561565, -0.416915894, 0.999652326, 0.0263710693, -8.67125254e-06, 0.000984948128, -0.0376651026, -0.99928987, -0.0263526719, 0.998942375, -0.0376779884),
		CFrame.new(0.600799561, -0.184139967, -2.4056015, 0.748966694, -0.356196344, 0.558724403, 0.344962776, -0.510325313, -0.787761688, 0.565729141, 0.782746434, -0.259342223),
		false,
		false,
	},
	{
		0.2504765999619849,
		false,
		false,
		CFrame.new(1.48660851, 0.0331861973, -0.416946411, 0.999650657, 0.0264332257, 5.12118568e-05, 0.00104710646, -0.0376633406, -0.99928993, -0.0264125317, 0.998940766, -0.0376778692),
		CFrame.new(0.60086441, -0.184222221, -2.40563202, 0.748966157, -0.356325626, 0.558642745, 0.344955862, -0.510153651, -0.787875891, 0.565734148, 0.782799482, -0.259171277),
		false,
		false,
	},
	{
		0.28432499995687976,
		false,
		false,
		CFrame.new(1.48660851, 0.033125639, -0.416946411, 0.999650478, 0.0264332257, 5.27960437e-05, 0.00104552507, -0.0375437401, -0.9992944, -0.0264125951, 0.998945236, -0.0375582688),
		CFrame.new(0.60099411, -0.184386969, -2.40569305, 0.748965204, -0.356584251, 0.558479488, 0.344942093, -0.509810269, -0.788104236, 0.56574434, 0.782905519, -0.258829147),
		false,
		false,
	},
	{
		0.31740809994516894,
		false,
		false,
		CFrame.new(1.48660851, 0.0330648422, -0.416954041, 0.999650598, 0.0264332201, 5.43848837e-05, 0.00104393903, -0.0374236628, -0.99929893, -0.0264126547, 0.998949766, -0.0374381915),
		CFrame.new(0.601139069, -0.184609652, -2.40576172, 0.748963654, -0.356873035, 0.558296621, 0.344958961, -0.509381771, -0.788373768, 0.565735638, 0.783052742, -0.258401901),
		false,
		false,
	},
	{
		0.35044519999064505,
		false,
		false,
		CFrame.new(1.48660851, 0.0329437256, -0.416954041, 0.999650419, 0.0264332108, 5.75485974e-05, 0.00104077347, -0.037184339, -0.999307811, -0.0264127776, 0.998958647, -0.0371988676),
		CFrame.new(0.601284027, -0.184832573, -2.40583038, 0.748962283, -0.35716182, 0.558113694, 0.344975948, -0.508953035, -0.788643301, 0.565726995, 0.783199847, -0.257974416),
		false,
		false,
	},
	{
		0.38324119994649664,
		false,
		false,
		CFrame.new(1.48660851, 0.0328829288, -0.41696167, 0.999650598, 0.0264332071, 5.91346434e-05, 0.00103919115, -0.0370645002, -0.999312282, -0.0264128409, 0.998963118, -0.0370790288),
		CFrame.new(0.601478577, -0.18508029, -2.40591431, 0.748960495, -0.357549548, 0.557868183, 0.344955444, -0.508437216, -0.788984954, 0.565742314, 0.783358037, -0.257460654),
		false,
		false,
	},
	{
		0.40124489995650947,
		false,
		false,
		CFrame.new(1.48660851, 0.0328223705, -0.41696167, 0.999650478, 0.0264332071, 6.07188304e-05, 0.00103760883, -0.0369447768, -0.999316692, -0.0264129043, 0.998967528, -0.0369593054),
		CFrame.new(0.601558685, -0.185220718, -2.40596008, 0.748959661, -0.357708961, 0.557766914, 0.344979316, -0.508180082, -0.789140105, 0.565728664, 0.783452034, -0.257204205),
		false,
		false,
	},
	{
		0.43307479994837195,
		false,
		false,
		CFrame.new(1.48660851, 0.0327615738, -0.41696167, 0.999650419, 0.0264332015, 6.23020824e-05, 0.00103602652, -0.0368251726, -0.999321163, -0.0264129676, 0.998971999, -0.0368397012),
		CFrame.new(0.601753235, -0.185468435, -2.40604401, 0.748957336, -0.358096391, 0.557520986, 0.344958812, -0.507664144, -0.789481044, 0.565743804, 0.783609509, -0.256690443),
		false,
		false,
	},
	{
		0.45012249995488673,
		false,
		false,
		CFrame.new(1.48660851, 0.0327010155, -0.41696167, 0.999650598, 0.0264331996, 6.38843994e-05, 0.00103444234, -0.03670533, -0.999325573, -0.0264130291, 0.998976409, -0.0367198586),
		CFrame.new(0.601867676, -0.185575485, -2.40608978, 0.748956084, -0.358324349, 0.557376504, 0.344914436, -0.507405758, -0.789666593, 0.565772891, 0.78367275, -0.256433398),
		false,
		false,
	},
	{
		0.48400659998878837,
		false,
		false,
		CFrame.new(1.48659325, 0.032579422, -0.416969299, 0.999650538, 0.0264331922, 6.70564987e-05, 0.00103127584, -0.0364656411, -0.999334395, -0.0264131539, 0.998985231, -0.0364801697),
		CFrame.new(0.602077484, -0.185881853, -2.40618896, 0.74895364, -0.358741999, 0.557110667, 0.344924867, -0.506803453, -0.79004854, 0.565769315, 0.783871233, -0.255833417),
		false,
		false,
	},
	{
		0.517080299963709,
		false,
		false,
		CFrame.new(1.48660851, 0.0324580669, -0.416976929, 0.999650598, 0.0264331847, 7.0226728e-05, 0.00102810841, -0.0362259522, -0.999343097, -0.0264132787, 0.998993933, -0.0362404808),
		CFrame.new(0.602302551, -0.186246634, -2.40629578, 0.748951674, -0.359189898, 0.556825161, 0.344966263, -0.506115198, -0.790471792, 0.565747261, 0.784110904, -0.255147398),
		false,
		false,
	},
	{
		0.5507721999892965,
		false,
		false,
		CFrame.new(1.48660851, 0.0323367119, -0.416976929, 0.999650598, 0.0264331736, 7.33988272e-05, 0.00102493726, -0.0359861441, -0.99935174, -0.0264133979, 0.999002576, -0.0360006727),
		CFrame.new(0.602563858, -0.186578035, -2.40641022, 0.748948336, -0.359706014, 0.556496084, 0.344939381, -0.505425513, -0.790924549, 0.565767705, 0.784319043, -0.254460871),
		false,
		false,
	},
	{
		0.5829887999570929,
		false,
		false,
		CFrame.new(1.48660851, 0.0322151184, -0.416984558, 0.999650538, 0.0264331624, 7.65709192e-05, 0.00102176704, -0.0357463323, -0.999360383, -0.0264135208, 0.999011219, -0.0357608609),
		CFrame.new(0.602788925, -0.186943769, -2.40651703, 0.748945773, -0.360153735, 0.556209803, 0.344981074, -0.504736006, -0.79134655, 0.565745592, 0.784557581, -0.253773779),
		false,
		false,
	},
	{
		0.6010570999933407,
		false,
		false,
		CFrame.new(1.48660851, 0.0321545601, -0.416984558, 0.999650598, 0.0264331587, 7.81551062e-05, 0.00102018472, -0.0356266014, -0.999364614, -0.0264135823, 0.99901545, -0.0356411301),
		CFrame.new(0.602918625, -0.187109709, -2.40657806, 0.748944163, -0.360411644, 0.556044877, 0.344967723, -0.504390597, -0.791572571, 0.565755904, 0.784661293, -0.253430128),
		false,
		false,
	},
	{
		0.6329456999665126,
		false,
		false,
		CFrame.new(1.48660851, 0.032047987, -0.416992188, 0.999650478, 0.0264331494, 8.0931386e-05, 0.00101740938, -0.0354166888, -0.999372065, -0.0264136884, 0.999022901, -0.0354312174),
		CFrame.new(0.603160858, -0.187458992, -2.40668488, 0.748941362, -0.360893279, 0.555736542, 0.344975442, -0.503699839, -0.792008996, 0.565755248, 0.784883618, -0.25274229),
		false,
		false,
	},
	{
		0.6503426999552175,
		false,
		false,
		CFrame.new(1.48660851, 0.0319721699, -0.416992188, 0.999650598, 0.0264331438, 8.29104538e-05, 0.00101543032, -0.0352669396, -0.99937737, -0.0264137648, 0.999028206, -0.0352814682),
		CFrame.new(0.603338242, -0.187725306, -2.4067688, 0.748939455, -0.36124593, 0.555510402, 0.344989836, -0.503181458, -0.792332172, 0.565749407, 0.785053968, -0.252226084),
		false,
		false,
	},
	{
		0.6671078999643214,
		false,
		false,
		CFrame.new(1.48659325, 0.0319116116, -0.416992188, 0.999650657, 0.0264331438, 8.4498366e-05, 0.00101384893, -0.0351470895, -0.999381661, -0.02641383, 0.999032497, -0.0351616181),
		CFrame.new(0.603467941, -0.187891722, -2.4068222, 0.74893707, -0.36150369, 0.555344999, 0.344976693, -0.502835512, -0.792557418, 0.565759718, 0.785156786, -0.251881957),
		false,
		false,
	},
	{
		0.7000172999687493,
		false,
		false,
		CFrame.new(1.48660851, 0.0317292213, -0.416999817, 0.999650657, 0.0264331251, 8.92555763e-05, 0.0010090936, -0.034787301, -0.999394238, -0.0264140107, 0.999045074, -0.0348018296),
		CFrame.new(0.603704453, -0.18832016, -2.40694427, 0.748994827, -0.362036794, 0.554920077, 0.344968945, -0.501970828, -0.793108761, 0.565688372, 0.785464466, -0.251082122),
		false,
		false,
	},
	{
		0.7170435999869369,
		false,
		false,
		CFrame.new(1.48660851, 0.031668663, -0.416999817, 0.999650478, 0.0264331214, 9.08416259e-05, 0.00100750849, -0.0346674472, -0.999398351, -0.0264140703, 0.999049187, -0.0346819758),
		CFrame.new(0.603883743, -0.188511848, -2.40702057, 0.748992085, -0.362392992, 0.554691315, 0.344918519, -0.501537204, -0.793404996, 0.565722823, 0.785577238, -0.25065127),
		false,
		false,
	},
	{
		0.7494881999446079,
		false,
		false,
		CFrame.new(1.48660851, 0.0315470695, -0.417007446, 0.999650538, 0.0264331084, 9.40165119e-05, 0.00100433733, -0.034427505, -0.999406695, -0.0264141914, 0.999057531, -0.0344420336),
		CFrame.new(0.60417366, -0.188962698, -2.40715027, 0.748988211, -0.362968683, 0.554319978, 0.344954371, -0.500671148, -0.793936253, 0.565706134, 0.785863876, -0.249789119),
		false,
		false,
	},
	{
		0.7840326000005007,
		false,
		false,
		CFrame.new(1.48659706, 0.0313799381, -0.417015076, 0.999650478, 0.0264330916, 9.837791e-05, 0.00099997595, -0.0340977311, -0.999417961, -0.0264143571, 0.999068797, -0.0341122597),
		CFrame.new(0.604454041, -0.189332485, -2.40727234, 0.748983979, -0.363523394, 0.553962231, 0.344934732, -0.499912024, -0.794423044, 0.565723777, 0.786090791, -0.249034137),
		false,
		false,
	},
	{
		0.8010898999636993,
		false,
		false,
		CFrame.new(1.48660851, 0.0313038826, -0.417015076, 0.999650598, 0.026433086, 0.000100361634, 0.000997995026, -0.0339476131, -0.999423146, -0.0264144316, 0.999073982, -0.0339621417),
		CFrame.new(0.604642868, -0.189606667, -2.40735626, 0.748980939, -0.363900155, 0.553718567, 0.344940454, -0.499369174, -0.794761896, 0.565724015, 0.786261439, -0.248494118),
		false,
		false,
	},
	{
		0.8338754999567755,
		false,
		false,
		CFrame.new(1.48660851, 0.0311367512, -0.417022705, 0.999650538, 0.0264330693, 0.000104724895, 0.000993633643, -0.0336177126, -0.999434292, -0.0264145955, 0.999085128, -0.0336322412),
		CFrame.new(0.604946136, -0.190027475, -2.40749359, 0.748976171, -0.364501804, 0.553328991, 0.344934911, -0.498522103, -0.795295835, 0.565733552, 0.786520123, -0.247651845),
		false,
		false,
	},
	{
		0.8674670999753289,
		false,
		false,
		CFrame.new(1.48660851, 0.0309693813, -0.417022705, 0.999650598, 0.0264330506, 0.00010909095, 0.000989270397, -0.0332875699, -0.999445319, -0.0264147595, 0.999096155, -0.0333020985),
		CFrame.new(0.6052742, -0.190499306, -2.40763855, 0.748970985, -0.365150541, 0.552908063, 0.344943553, -0.497587234, -0.795877278, 0.565735102, 0.786811173, -0.246722132),
		false,
		false,
	},
	{
		0.8998478999710642,
		false,
		false,
		CFrame.new(1.48660851, 0.0308175087, -0.417030334, 0.999650657, 0.026433032, 0.000113062124, 0.000985303894, -0.0329874493, -0.999455333, -0.0264149066, 0.999106169, -0.033001978),
		CFrame.new(0.605661392, -0.191040993, -2.40781403, 0.748964548, -0.365919977, 0.55240792, 0.344938427, -0.496498823, -0.796558976, 0.565746844, 0.787141204, -0.245640188),
		false,
		false,
	},
	{
		0.9171427999972366,
		false,
		false,
		CFrame.new(1.48660851, 0.0307264328, -0.417037964, 0.999650717, 0.0264330283, 0.000115438866, 0.000982925296, -0.0328075439, -0.999461293, -0.0264149997, 0.999112129, -0.0328220725),
		CFrame.new(0.605781555, -0.191255569, -2.40786743, 0.748963118, -0.366158187, 0.552252471, 0.344975591, -0.496106952, -0.796787083, 0.565726459, 0.78727752, -0.245250076),
		false,
		false,
	},
	{
		0.950340099981986,
		false,
		false,
		CFrame.new(1.48660851, 0.0305438042, -0.417037964, 0.999650598, 0.0264330041, 0.00012020539, 0.000978167169, -0.0324473679, -0.999472976, -0.0264151748, 0.999123812, -0.0324618965),
		CFrame.new(0.606151581, -0.191724777, -2.40802765, 0.748956323, -0.366889477, 0.551776111, 0.344932258, -0.495124906, -0.797416389, 0.565761864, 0.787555277, -0.244274795),
		false,
		false,
	},
	{
		0.9838949999539182,
		false,
		false,
		CFrame.new(1.48660851, 0.0304069519, -0.417045593, 0.999650478, 0.0264329836, 0.000123778882, 0.000974591821, -0.0321771428, -0.999481618, -0.0264153033, 0.999132454, -0.0321916714),
		CFrame.new(0.606500626, -0.192249298, -2.40818024, 0.748950064, -0.367584497, 0.551321745, 0.344955772, -0.494099408, -0.798042059, 0.565755725, 0.787875175, -0.243255347),
		false,
		false,
	},
	{
		1.0171806999715045,
		false,
		false,
		CFrame.new(1.48660851, 0.0302093029, -0.417053223, 0.999650657, 0.0264329612, 0.000128940286, 0.00096943602, -0.0317868143, -0.999494195, -0.0264154971, 0.999145031, -0.031801343),
		CFrame.new(0.606904984, -0.192852974, -2.40836334, 0.748942852, -0.36838311, 0.550798297, 0.344982862, -0.492919207, -0.798759937, 0.565748811, 0.788241386, -0.242082387),
		false,
		false,
	},
	{
		1.0500655999640003,
		false,
		false,
		CFrame.new(1.48663902, 0.0300564766, -0.417030334, 0.999652267, 0.0263728853, 0.000195684479, 0.00102474634, -0.0314262696, -0.99950552, -0.0263536982, 0.999158025, -0.031442374),
		CFrame.new(0.607240677, -0.193338633, -2.4085083, 0.748996139, -0.369109809, 0.550238907, 0.344902933, -0.49186784, -0.799442291, 0.565726817, 0.788558125, -0.241100043),
		false,
		false,
	},
	{
		1.0829019999946468,
		false,
		false,
		CFrame.new(1.48663902, 0.0298740864, -0.417030334, 0.999652207, 0.0263728462, 0.000200437964, 0.00101999752, -0.0310660824, -0.999516726, -0.026353877, 0.99916923, -0.0310821794),
		CFrame.new(0.607595444, -0.19388032, -2.40866852, 0.748989224, -0.369811296, 0.549776793, 0.344935, -0.490816683, -0.80007416, 0.565716147, 0.788884223, -0.240055621),
		false,
		false,
	},
	{
		1.0999365999596193,
		false,
		false,
		CFrame.new(1.48663902, 0.0297522545, -0.417037964, 0.999652207, 0.0263728201, 0.000203608186, 0.00101682916, -0.0308257546, -0.999524236, -0.026354, 0.999176741, -0.0308418516),
		CFrame.new(0.607789993, -0.194135189, -2.40875244, 0.748985529, -0.370196134, 0.549523532, 0.344917387, -0.490289479, -0.800404966, 0.565732539, 0.789031684, -0.239532471),
		false,
		false,
	},
	{
		1.133207599981688,
		false,
		false,
		CFrame.new(1.48663902, 0.029599905, -0.417037964, 0.999652267, 0.0263727922, 0.000207577497, 0.00101286452, -0.0305250138, -0.999533474, -0.0263541564, 0.999185979, -0.0305411108),
		CFrame.new(0.608095169, -0.194614172, -2.40888214, 0.74897927, -0.370801032, 0.549123645, 0.344954252, -0.489368409, -0.800952494, 0.565717936, 0.789319336, -0.238617361),
		false,
		false,
	},
	{
		1.1501364999567159,
		false,
		false,
		CFrame.new(1.48663902, 0.0295088291, -0.417045593, 0.999652326, 0.0263727754, 0.000209952384, 0.00101049058, -0.0303449724, -0.999538958, -0.0263542458, 0.999191463, -0.0303610694),
		CFrame.new(0.608337402, -0.194933176, -2.40898895, 0.748973846, -0.371281564, 0.548806012, 0.344932377, -0.488708436, -0.801364779, 0.565738142, 0.789502263, -0.237962842),
		false,
		false,
	},
	{
		1.1670249999733642,
		false,
		false,
		CFrame.new(1.48663902, 0.0293869972, -0.417045593, 0.999652207, 0.0263727494, 0.000213123552, 0.00100732129, -0.030104639, -0.99954623, -0.0263543688, 0.999198735, -0.030120736),
		CFrame.new(0.608531952, -0.195188284, -2.40906525, 0.748969436, -0.371665835, 0.548551857, 0.344914913, -0.488180459, -0.801694036, 0.565754712, 0.789648056, -0.237439185),
		false,
		false,
	},
	{
		1.1999424999812618,
		false,
		false,
		CFrame.new(1.48663902, 0.0292043686, -0.417053223, 0.999652028, 0.0263727047, 0.000217886351, 0.00100256316, -0.0297438353, -0.999556959, -0.0263545457, 0.999209464, -0.0297599323),
		CFrame.new(0.608901978, -0.195792198, -2.40923309, 0.748961985, -0.372396529, 0.548066258, 0.344979286, -0.487037033, -0.802361548, 0.565725327, 0.790009916, -0.23630318),
		false,
		false,
	},
	{
		1.233898099977523,
		false,
		false,
		CFrame.new(1.48663902, 0.0290215015, -0.417060852, 0.999652147, 0.0263726693, 0.000222643561, 0.000997806899, -0.029383149, -0.999567688, -0.0263547301, 0.999220192, -0.029399246),
		CFrame.new(0.609289169, -0.19630456, -2.40939331, 0.748952806, -0.373164505, 0.547556162, 0.344944984, -0.485978335, -0.803017914, 0.565758348, 0.790299356, -0.235253662),
		false,
		false,
	},
	{
		1.2669977999757975,
		false,
		false,
		CFrame.new(1.48663902, 0.0288388729, -0.417060852, 0.999652326, 0.0263726301, 0.000227402634, 0.000993050635, -0.0290223397, -0.999578297, -0.0263549089, 0.999230802, -0.0290384367),
		CFrame.new(0.609643936, -0.196850777, -2.40955353, 0.748945236, -0.373864442, 0.547089279, 0.344978958, -0.484919637, -0.803643227, 0.565748036, 0.790618896, -0.234202832),
		false,
		false,
	},
	{
		1.2997524999664165,
		false,
		false,
		CFrame.new(1.48663902, 0.0286560059, -0.417068481, 0.999652028, 0.0263725854, 0.000232161707, 0.000988293439, -0.0286617633, -0.999588609, -0.0263550859, 0.999241114, -0.0286778603),
		CFrame.new(0.60997963, -0.197342396, -2.40969086, 0.748996615, -0.374588251, 0.546523452, 0.344901145, -0.483858436, -0.804315925, 0.565727353, 0.790926337, -0.233212382),
		false,
		false,
	},
	{
		1.3167012999765575,
		false,
		false,
		CFrame.new(1.48663902, 0.0285339355, -0.417068481, 0.999652207, 0.0263725594, 0.000235341256, 0.000985119492, -0.0284208227, -0.999595523, -0.026355207, 0.999248028, -0.0284369197),
		CFrame.new(0.610139847, -0.19763279, -2.40976715, 0.748993039, -0.374904007, 0.546311319, 0.344952196, -0.483328909, -0.804612219, 0.565700471, 0.791100442, -0.232686132),
		false,
		false,
	},
	{
		1.333733499981463,
		false,
		false,
		CFrame.new(1.48663902, 0.0284729004, -0.417076111, 0.999652147, 0.0263725407, 0.000236931955, 0.000983532518, -0.0283003505, -0.99959892, -0.0263552628, 0.999251425, -0.0283164475),
		CFrame.new(0.610334396, -0.197890282, -2.40985107, 0.74898839, -0.375287443, 0.54605484, 0.344935626, -0.482797295, -0.804938555, 0.56571722, 0.791243315, -0.232159525),
		false,
		false,
	},
	{
		1.3506513999891467,
		false,
		false,
		CFrame.new(1.48660851, 0.0283813477, -0.417106628, 0.999650478, 0.026434388, 0.000300281477, 0.00104223192, -0.0280582327, -0.999605715, -0.0264155418, 0.99925667, -0.02807598),
		CFrame.new(0.610527039, -0.198148012, -2.40992737, 0.748983145, -0.37567082, 0.545798123, 0.344919115, -0.482265472, -0.805264354, 0.565733969, 0.791385651, -0.231632739),
		false,
		false,
	},
	{
		1.3675603999872692,
		false,
		false,
		CFrame.new(1.48660851, 0.0283203125, -0.417106628, 0.999650538, 0.0264343731, 0.000301875902, 0.00104064308, -0.0279378798, -0.999609113, -0.0264156088, 0.999260068, -0.0279556271),
		CFrame.new(0.610736847, -0.198465347, -2.41001892, 0.748978198, -0.376084059, 0.545520425, 0.344933778, -0.481645435, -0.805629075, 0.565731764, 0.791567028, -0.231017828),
		false,
		false,
	},
	{
		1.4007982999901287,
		false,
		false,
		CFrame.new(1.48660851, 0.0281374454, -0.417114258, 0.999650419, 0.0264343135, 0.000306650822, 0.00103587098, -0.0275769364, -0.999619067, -0.0264157914, 0.999270022, -0.0275946837),
		CFrame.new(0.611076355, -0.198955059, -2.41015625, 0.748969555, -0.376752585, 0.545070887, 0.344937772, -0.480669826, -0.806209862, 0.565740824, 0.791842043, -0.230050802),
		false,
		false,
	},
	{
		1.4327171999611892,
		false,
		false,
		CFrame.new(1.48660851, 0.02795434, -0.417121887, 0.999650657, 0.0264342576, 0.000311429438, 0.00103109889, -0.0272155106, -0.999629021, -0.0264159814, 0.999279976, -0.0272332579),
		CFrame.new(0.611429214, -0.199505329, -2.41030884, 0.748960614, -0.377450854, 0.544599533, 0.344973177, -0.479604751, -0.806828678, 0.56573081, 0.792155206, -0.228994697),
		false,
		false,
	},
	{
		1.4511344999773428,
		false,
		false,
		CFrame.new(1.48660851, 0.0279085636, -0.417121887, 0.999650598, 0.0264342483, 0.000312623393, 0.001029904, -0.0271251854, -0.999631524, -0.0264160298, 0.999282479, -0.0271429326),
		CFrame.new(0.611574173, -0.199699402, -2.41036987, 0.74895668, -0.377737969, 0.544406056, 0.344961196, -0.479204446, -0.807071686, 0.565743566, 0.792260647, -0.228598416),
		false,
		false,
	},
	{
		1.482970699958969,
		false,
		false,
		CFrame.new(1.48660851, 0.0277104378, -0.417121887, 0.999650359, 0.0264341831, 0.000317797851, 0.00102473423, -0.0267340839, -0.999641955, -0.0264162272, 0.99929291, -0.0267518312),
		CFrame.new(0.611976624, -0.200315475, -2.41053772, 0.748946071, -0.378531516, 0.543869197, 0.344993114, -0.478004247, -0.807769477, 0.565738022, 0.79260689, -0.227408648),
		false,
		false,
	},
	{
		1.4996758999768645,
		false,
		false,
		CFrame.new(1.48660851, 0.027618885, -0.417129517, 0.999650538, 0.0264341533, 0.00032018483, 0.00102234539, -0.0265533086, -0.999646783, -0.0264163185, 0.999297738, -0.0265710559),
		CFrame.new(0.612112045, -0.200465441, -2.41059113, 0.748941958, -0.378796011, 0.543690801, 0.344957978, -0.477669209, -0.807982683, 0.565765023, 0.792682528, -0.227077782),
		false,
		false,
	},
	{
		1.5177005999721587,
		false,
		false,
		CFrame.new(1.48660851, 0.0275273323, -0.417129517, 0.999650478, 0.0264341235, 0.000322573673, 0.00101995654, -0.0263726506, -0.999651611, -0.0264164135, 0.999302566, -0.0263903979),
		CFrame.new(0.612262726, -0.200785875, -2.41065979, 0.748998165, -0.379155368, 0.543362916, 0.344953626, -0.477024108, -0.808365643, 0.565693438, 0.792899191, -0.226499081),
		false,
		false,
	},
	{
		1.549771799996961,
		false,
		false,
		CFrame.new(1.48660851, 0.0273749828, -0.417137146, 0.999650478, 0.0264340788, 0.000326554175, 0.00101598073, -0.0260717515, -0.999659479, -0.0264165662, 0.999310434, -0.0260894988),
		CFrame.new(0.61259079, -0.201195955, -2.41078949, 0.748988032, -0.379801959, 0.542925, 0.344902903, -0.476153404, -0.808900356, 0.565737605, 0.793112993, -0.22563836),
		false,
		false,
	},
	{
		1.5665800999850035,
		false,
		false,
		CFrame.new(1.48660851, 0.0272831917, -0.417137146, 0.999650657, 0.0264340471, 0.000328949536, 0.00101358909, -0.0258906167, -0.999664247, -0.0264166594, 0.999315202, -0.025908364),
		CFrame.new(0.612794876, -0.20153904, -2.41088104, 0.748982549, -0.380204707, 0.542650342, 0.344943315, -0.475507557, -0.809262872, 0.565719962, 0.793307424, -0.224997848),
		false,
		false,
	},
	{
		1.5836564999772236,
		false,
		false,
		CFrame.new(1.48660851, 0.0271613598, -0.417137146, 0.999650478, 0.026434008, 0.000332132797, 0.00101040863, -0.0256500132, -0.999670446, -0.0264167786, 0.999321401, -0.0256677605),
		CFrame.new(0.612974167, -0.20173955, -2.41094971, 0.748976588, -0.380556852, 0.542411625, 0.344896644, -0.475059986, -0.809545636, 0.565756261, 0.793406725, -0.224556088),
		false,
		false,
	},
	{
		1.601128099951893,
		false,
		false,
		CFrame.new(1.48660851, 0.0271000862, -0.417144775, 0.999650657, 0.0264339857, 0.000333725387, 0.00100881606, -0.0255294144, -0.999673545, -0.0264168419, 0.999324501, -0.0255471617),
		CFrame.new(0.613134384, -0.202033043, -2.41101837, 0.748972535, -0.380871415, 0.542196095, 0.344948888, -0.474525243, -0.809836864, 0.565729558, 0.793575764, -0.224025369),
		false,
		false,
	},
	{
		1.6337896999903023,
		false,
		false,
		CFrame.new(1.48660851, 0.0269474983, -0.417144775, 0.9996503, 0.0264339335, 0.000337712379, 0.00100483, -0.0252280328, -0.999681115, -0.0264169909, 0.99933207, -0.0252457801),
		CFrame.new(0.613412857, -0.202417612, -2.41113281, 0.748964369, -0.381420046, 0.541822135, 0.344935268, -0.473742306, -0.810301065, 0.565749228, 0.793780088, -0.223250836),
		false,
		false,
	},
	{
		1.6662193999509327,
		false,
		false,
		CFrame.new(1.48660851, 0.0267949104, -0.417152405, 0.999650478, 0.0264338851, 0.000341694744, 0.00100085326, -0.024926886, -0.999688745, -0.0264171455, 0.9993397, -0.0249446332),
		CFrame.new(0.613759995, -0.202996254, -2.41127777, 0.748954713, -0.382106841, 0.541351438, 0.344997406, -0.472647369, -0.810913682, 0.565724134, 0.79410243, -0.222165555),
		false,
		false,
	},
	{
		1.6835108999512158,
		false,
		false,
		CFrame.new(1.48660851, 0.0267338753, -0.417152405, 0.999650657, 0.0264338646, 0.000343288237, 0.000999256037, -0.0248061661, -0.999691784, -0.0264172032, 0.99934274, -0.0248239134),
		CFrame.new(0.613939285, -0.203197956, -2.41134644, 0.748948574, -0.382458627, 0.54111141, 0.344951272, -0.47219786, -0.811195195, 0.565760314, 0.79420048, -0.221722305),
		false,
		false,
	},
	{
		1.7178389999899082,
		false,
		false,
		CFrame.new(1.48660851, 0.0265507698, -0.417152405, 0.99965018, 0.0264337976, 0.00034807151, 0.000994478352, -0.0244447142, -0.999700546, -0.0264173821, 0.999351501, -0.0244624615),
		CFrame.new(0.614227295, -0.203666925, -2.41146851, 0.74894011, -0.383027166, 0.540720701, 0.344994098, -0.471302539, -0.811697483, 0.565745354, 0.79445827, -0.220835268),
		false,
		false,
	},
	{
		1.7509190999553539,
		false,
		false,
		CFrame.new(1.48660851, 0.0264284611, -0.417160034, 0.999650478, 0.0264337566, 0.00035126225, 0.000991289504, -0.0242032688, -0.999706507, -0.0264175013, 0.999357462, -0.0242210161),
		CFrame.new(0.61448288, -0.204021454, -2.41156769, 0.748990774, -0.383589119, 0.540252149, 0.344893545, -0.47049287, -0.812209785, 0.565739691, 0.794667065, -0.220097333),
		false,
		false,
	},
	{
		1.7828167999978177,
		false,
		false,
		CFrame.new(1.48660851, 0.0262451172, -0.417160034, 0.999650598, 0.0264336951, 0.00035604366, 0.000986509956, -0.0238415748, -0.999715269, -0.0264176838, 0.999366224, -0.0238593221),
		CFrame.new(0.614757538, -0.204431534, -2.41168213, 0.748982191, -0.384127349, 0.539881587, 0.344905466, -0.46968475, -0.812672317, 0.565743923, 0.794885099, -0.219297796),
		false,
		false,
	},
	{
		1.7998069999739528,
		false,
		false,
		CFrame.new(1.48660851, 0.026184082, -0.417167664, 0.999650538, 0.0264336765, 0.00035763529, 0.000984917395, -0.0237212088, -0.99971813, -0.0264177453, 0.999369085, -0.0237389561),
		CFrame.new(0.614900589, -0.204666615, -2.41174316, 0.74897778, -0.384411275, 0.539685607, 0.344927132, -0.469236106, -0.812922299, 0.565736532, 0.795012772, -0.218853444),
		false,
		false,
	},
	{
		1.8178375999559648,
		false,
		false,
		CFrame.new(1.48660851, 0.0261230469, -0.417167664, 0.999650538, 0.0264336541, 0.000359233469, 0.000983324833, -0.0236004833, -0.999720931, -0.026417803, 0.999371886, -0.0236182306),
		CFrame.new(0.615030289, -0.204842091, -2.41178894, 0.74897331, -0.38466534, 0.539510429, 0.344917566, -0.468875915, -0.813134074, 0.565748036, 0.795102358, -0.218497723),
		false,
		false,
	},
	{
		1.8507087999605574,
		false,
		false,
		CFrame.new(1.48660851, 0.0260004997, -0.417167664, 0.999650598, 0.0264336057, 0.000362427905, 0.000980133191, -0.023358915, -0.999726653, -0.0264179166, 0.999377608, -0.0233766623),
		CFrame.new(0.61530304, -0.205252886, -2.41190338, 0.748964429, -0.385203242, 0.539138854, 0.344929874, -0.468066186, -0.813595295, 0.565752208, 0.79531908, -0.217696846),
		false,
		false,
	},
	{
		1.8676595999859273,
		false,
		false,
		CFrame.new(1.48660851, 0.0259394646, -0.417167664, 0.999650538, 0.0264335871, 0.000364020467, 0.000978539698, -0.0232384261, -0.999729455, -0.0264179781, 0.99938041, -0.0232561734),
		CFrame.new(0.615432739, -0.2054286, -2.41195679, 0.748960078, -0.385457158, 0.538963616, 0.344920397, -0.467705637, -0.813806653, 0.56576401, 0.79540813, -0.217340767),
		false,
		false,
	},
	{
		1.8993829999817535,
		false,
		false,
		CFrame.new(1.48660851, 0.0258328915, -0.417175293, 0.999650359, 0.0264335498, 0.000366806984, 0.000975755043, -0.0230277218, -0.999734282, -0.0264180843, 0.999385238, -0.0230454691),
		CFrame.new(0.615623474, -0.205768347, -2.41203308, 0.748954237, -0.385834098, 0.538701534, 0.34497124, -0.467076689, -0.814146221, 0.565740347, 0.795594871, -0.216717452),
		false,
		false,
	},
	{
		1.9175560000003316,
		false,
		false,
		CFrame.new(1.48660851, 0.0257716179, -0.417175293, 0.999650598, 0.0264335312, 0.000368404231, 0.00097416155, -0.0229069963, -0.999737144, -0.0264181457, 0.999388099, -0.0229247436),
		CFrame.new(0.615753174, -0.2059443, -2.41208649, 0.748949945, -0.386087954, 0.538526118, 0.344961941, -0.466715693, -0.814357162, 0.565752208, 0.795683622, -0.216360986),
		false,
