local Player = owner
local Char = Player.Character
local Hum = Char:WaitForChild("Humanoid")
local RootPart = Char:WaitForChild("HumanoidRootPart")
local Torso = Char:WaitForChild("Torso")
local Head = Char:WaitForChild("Head")
local RA = Char:WaitForChild("Right Arm")
local LA = Char:WaitForChild("Left Arm")
local RL = Char:WaitForChild("Right Leg")
local LL = Char:WaitForChild("Left Leg")
local RunningAnims = {}
local Animating = {}
local PauseAnims = {}

local function tick()
	return os.clock()
end

local function wait(Num)
	local CurrentTick = tick()
	repeat
		game:GetService("RunService").Stepped:Wait()
	until tick() >= CurrentTick + (Num or 0)
end

local function spawn(Func)
	coroutine.wrap(Func)()
end

function CreateWeld(PropertyTable)
	local Weld = Instance.new("Weld")
	Weld.Parent = PropertyTable.Parent
	Weld.Part0 = PropertyTable.Part0
	Weld.Part1 = PropertyTable.Part1
	Weld.C0 = PropertyTable.C0 or CFrame.new()
	return Weld
end

function SetTween(Instance,PropertyTable,Style,Direction,Time)
	Style = Enum.EasingStyle[Style]
	Direction = Enum.EasingDirection[Direction]
	local Info = TweenInfo.new(
		Time,
		Style,
		Direction,
		0,
		false,
		0
	)
	local TweenAnim = game:GetService("TweenService"):Create(Instance,Info,PropertyTable)
	TweenAnim:Play()
	return TweenAnim
end

-- Keyframe Order: Time Position, RJ, Neck, RS, LS, RH, LH

function PlayAnimation(AnimationTable,Priority,TweenTime,Looped,Speed,WaitUntilFinish,FunctionsAfterTime)
	local function Start()
		Priority = Priority or 1
		Speed = Speed or 1
		local Joints = {RJ,Neck,RS,LS,RH,LH,Grip} -- Don't change the first 6 elements. Any tool welds can be added afterward, like "Grip".
		local Id = tick().."/"..tostring(Looped).."|"..Priority
		table.insert(RunningAnims,Id)
		local PausedAnimIDs = {}
		local WaitForAnim
		local Delete = {}
		for v, Anim in pairs(RunningAnims) do
			if Anim ~= Id then
				for i = 2, #AnimationTable[1] do
					if AnimationTable[1][i] and table.find(Animating,tostring(Joints[i - 1].Part1)..Anim) and not table.find(PauseAnims,tostring(Joints[i - 1].Part1)..Anim) then
						if tonumber(string.sub(Anim,string.find(Anim,"|") + 1)) > Priority then
							table.insert(PauseAnims,tostring(Joints[i - 1].Part1)..Id)
							if string.sub(Anim,string.find(Anim,"/") + 1,string.find(Anim,"|") - 1) ~= "true" then
								WaitForAnim = Anim
							end
						elseif tonumber(string.sub(Anim,string.find(Anim,"|") + 1)) <= Priority then
							table.insert(PauseAnims,tostring(Joints[i - 1].Part1)..Anim)
							if not table.find(PausedAnimIDs,Anim) then
								table.insert(PausedAnimIDs,Anim)
							end
						end
					end
				end
				local AnimatingNum = 0
				local PausedNum = 0
				for _, Joint in pairs(Joints) do
					if table.find(Animating,tostring(Joint.Part1)..Anim) then
						AnimatingNum += 1
					end
					if table.find(PauseAnims,tostring(Joint.Part1)..Anim) then
						PausedNum += 1
					end
				end
				if table.find(RunningAnims,Anim) and (PausedNum == AnimatingNum or string.sub(Anim,string.find(Anim,"/") + 1,string.find(Anim,"|") - 1) == "true") then
					table.insert(Delete,Anim)
					if table.find(PausedAnimIDs,Anim) then
						table.remove(PausedAnimIDs,table.find(PausedAnimIDs,Anim))
					end
				end
			end
		end
		for _, Anim in pairs(Delete) do
			table.remove(RunningAnims,table.find(RunningAnims,Anim))
		end
		local Loops = 0
		local TablesCompleted = {}
		repeat
			local Tween
			local CurrentTimePos = AnimationTable[1][1]
			local TweenTime = TweenTime or .1
			for v, Keyframe in pairs(AnimationTable) do
				for i = 2, #Keyframe do
					if Keyframe[i] and table.find(RunningAnims,Id) then
						if not table.find(PauseAnims,tostring(Joints[i - 1].Part1)..Id) then
							if typeof(Keyframe[i]) == "CFrame" then
								if v == 1 then
									if Loops < 1 then
										Tween = SetTween(Joints[i - 1],{C0 = Keyframe[i]},"Linear","In",TweenTime)
									else
										Tween = SetTween(Joints[i - 1],{C0 = Keyframe[i]},"Linear","In",.05 / Speed)
									end
								else
									Tween = SetTween(Joints[i - 1],{C0 = Keyframe[i]},"Linear","In",(Keyframe[1] - CurrentTimePos) / Speed)
								end
							else
								Joints[i - 1].Part0 = Keyframe[i][1]
								if v == 1 then
									if Loops < 1 then
										SetTween(Joints[i - 1],{C0 = Keyframe[i][2]},"Linear","In",0)
									else
										Tween = SetTween(Joints[i - 1],{C0 = Keyframe[i][2]},"Linear","In",.05 / Speed)
									end
								else
									Tween = SetTween(Joints[i - 1],{C0 = Keyframe[i][2]},"Linear","In",(Keyframe[1] - CurrentTimePos) / Speed)
								end
							end
						end
						if not table.find(Animating,tostring(Joints[i - 1].Part1)..Id) then
							table.insert(Animating,tostring(Joints[i - 1].Part1)..Id)
						end
					end
				end
				while Tween and Tween.PlaybackState ~= Enum.PlaybackState.Completed do
					if WaitForAnim and not table.find(RunningAnims,WaitForAnim) then
						WaitForAnim = nil
						for _, Joint in pairs(Joints) do
							if table.find(PauseAnims,tostring(Joint.Part1)..Id) then
								table.remove(PauseAnims,table.find(PauseAnims,tostring(Joint.Part1)..Id))
							end
						end
					end
					local AnimatingNum = 0
					local PausedNum = 0
					for _, Joint in pairs(Joints) do
						if table.find(Animating,tostring(Joint.Part1)..Id) then
							AnimatingNum += 1
						end
						if table.find(PauseAnims,tostring(Joint.Part1)..Id) then
							PausedNum += 1
						end
					end
					if PausedNum == AnimatingNum and table.find(RunningAnims,Id) then
						table.remove(RunningAnims,table.find(RunningAnims,Id))
					end
					if not table.find(RunningAnims,Id) then
						break
					end
					wait()
				end
				if FunctionsAfterTime and #FunctionsAfterTime > 0 then
					for _, Table in pairs(FunctionsAfterTime) do
						if Keyframe[1] >= Table[1] and not table.find(TablesCompleted,Table) then
							spawn(Table[2])
							table.insert(TablesCompleted,Table)
						end
					end
				end
				for i = 2, #Keyframe do
					if Keyframe[i] and AnimationTable[v + 1] and AnimationTable[v + 1][i] == false and table.find(RunningAnims,Id) then
						local LaterKeyframe
						local LaterTimePos
						for _, Keyframe in pairs({table.unpack(AnimationTable,v + 2)}) do
							if Keyframe[i] then
								LaterKeyframe = Keyframe
								LaterTimePos = Keyframe[1]
								break
							end
						end
						if LaterTimePos then
							if not table.find(PauseAnims,tostring(Joints[i - 1].Part1)..Id) then
								if typeof(Keyframe[i]) == "CFrame" then
									SetTween(Joints[i - 1],{C0 = LaterKeyframe[i]},"Linear","In",(LaterTimePos - Keyframe[1]) / Speed)
								else
									Joints[i - 1].Part0 = Keyframe[i][1]
									SetTween(Joints[i - 1],{C0 = LaterKeyframe[i][2]},"Linear","In",(LaterTimePos - Keyframe[1]) / Speed)
								end
							end
							if not table.find(Animating,tostring(Joints[i - 1].Part1)..Id) then
								table.insert(Animating,tostring(Joints[i - 1].Part1)..Id)
							end
						end
					end
				end
				CurrentTimePos = Keyframe[1]
			end
			Loops += 1
			if not Tween then
				wait()
			end
		until not Looped or not table.find(RunningAnims,Id)
		for _, OtherId in pairs(PausedAnimIDs) do
			for _, Joint in pairs(Joints) do
				if table.find(Animating,tostring(Joint.Part1)..Id) and table.find(PauseAnims,tostring(Joint.Part1)..OtherId) then
					table.remove(PauseAnims,table.find(PauseAnims,tostring(Joint.Part1)..OtherId))
				end
			end
		end
		for _, Joint in pairs(Joints) do
			for i, Anim in pairs(Animating) do
				if Anim == tostring(Joint.Part1)..Id then
					table.remove(Animating,i)
				end
			end
			for i, Anim in pairs(PauseAnims) do
				if Anim == tostring(Joint.Part1)..Id then
					table.remove(PauseAnims,i)
				end
			end
		end
		if table.find(RunningAnims,Id) then
			table.remove(RunningAnims,table.find(RunningAnims,Id))
		end
	end
	if WaitUntilFinish then
		Start()
	else
		spawn(Start)
	end
end

local Handle = Instance.new("Part",Char)
Handle.CanCollide = false
Handle.Size = Vector3.new(0.122, 0.182, 1.397)
Handle.Color = Color3.fromRGB(40,40,40)

RJ = CreateWeld({Part0 = RootPart,Part1 = Torso,Parent = RootPart})
Neck = CreateWeld({Part0 = Torso,Part1 = Head,C0 = CFrame.new(0,1.5,0),Parent = RootPart})
RS = CreateWeld({Part0 = Torso,Part1 = RA,C0 = CFrame.new(1.5,0,0),Parent = RootPart})
LS = CreateWeld({Part0 = Torso,Part1 = LA,C0 = CFrame.new(-1.5,0,0),Parent = RootPart})
RH = CreateWeld({Part0 = Torso,Part1 = RL,C0 = CFrame.new(.5,-2,0),Parent = RootPart})
LH = CreateWeld({Part0 = Torso,Part1 = LL,C0 = CFrame.new(-.5,-2,0),Parent = RootPart})
Grip = CreateWeld({Part0 = Torso,Part1 = Handle,C0 = CFrame.new(-2.95,1.79,.55) * CFrame.Angles(math.pi / 2,1.1,math.pi / 2),Parent = RootPart})

local idle = {
	{
		0.0000025000044843181968,
		CFrame.new(0, -1.57892871, 0, 1, 0, 0, 0, 1, 0, 0, 0, 1),
		CFrame.new(0.498764038, 1.43611693, 0, 0.872233927, 0.489088863, 0, -0.489088863, 0.872233927, 0, 0, 0, 1),
		CFrame.new(1.5, -0.0347671509, -0.499316216, 0.99999994, 4.36516103e-08, -4.5996611e-08, -4.36516103e-08, -0.0522798635, -0.998632431, -4.5996611e-08, 0.998632431, -0.052279871),
		CFrame.new(0.750495911, -0.110158443, -2.54635239, 0.642650902, -0.723918974, 0.250879735, 0.0265637431, -0.306201279, -0.951595962, 0.765698254, 0.618208528, -0.177550673),
		CFrame.new(0.5, -0.513058245, -1.00656033, 1, 5.06273334e-09, -2.94178903e-10, -5.06273379e-09, 0.993269861, -0.115821846, -2.94178903e-10, 0.115821846, 0.99326998),
		CFrame.new(-0.5, -0.990500689, 0.999955177, 1, 4.3709413e-08, 4.41266188e-08, -4.3709413e-08, -0.00949933007, 0.99995482, 4.41266188e-08, -0.99995482, -0.00949933194),
	},
	{
		0.017479200003435835,
		CFrame.new(0, -1.57892871, 0, 1, 0, 0, 0, 1, 0, 0, 0, 1),
		CFrame.new(0.498764038, 1.43611693, 0, 0.872233927, 0.489088863, 0, -0.489088863, 0.872233927, 0, 0, 0, 1),
		CFrame.new(1.5, -0.0347671509, -0.499316216, 0.99999994, 4.36516103e-08, -4.5996611e-08, -4.36516103e-08, -0.0522798635, -0.998632431, -4.5996611e-08, 0.998632431, -0.052279871),
		CFrame.new(0.750495911, -0.110158443, -2.54635239, 0.642650902, -0.723918974, 0.250879735, 0.0265637431, -0.306201279, -0.951595962, 0.765698254, 0.618208528, -0.177550673),
		CFrame.new(0.5, -0.513011158, -1.00656033, 1, 5.06273334e-09, -2.94178903e-10, -5.06273379e-09, 0.993269861, -0.115821846, -2.94178903e-10, 0.115821846, 0.99326998),
		CFrame.new(-0.5, -0.990494907, 0.99995327, 1, 4.3709413e-08, 4.41266188e-08, -4.3709413e-08, -0.00949933007, 0.99995482, 4.41266188e-08, -0.99995482, -0.00949933194),
	},
	{
		0.05127550000179326,
		CFrame.new(0, -1.57897854, 0, 1, 0, 0, 0, 1, 0, 0, 0, 1),
		CFrame.new(0.498764038, 1.43611693, 0, 0.872233927, 0.489088863, 0, -0.489088863, 0.872233927, 0, 0, 0, 1),
		CFrame.new(1.5, -0.0347157717, -0.499316216, 0.99999994, 4.36516103e-08, -4.5996611e-08, -4.36516103e-08, -0.0522798635, -0.998632431, -4.5996611e-08, 0.998632431, -0.052279871),
		CFrame.new(0.750488281, -0.110068321, -2.54634666, 0.642632425, -0.723884642, 0.251027495, 0.0266309176, -0.30633533, -0.95155102, 0.765711904, 0.618182421, -0.177583233),
		CFrame.new(0.5, -0.512953997, -1.00664616, 1, 5.06648146e-09, -2.94612335e-10, -5.06648146e-09, 0.993259907, -0.115907587, -2.94612335e-10, 0.115907587, 0.993260026),
		CFrame.new(-0.5, -0.990440786, 0.999955177, 1, 4.3709413e-08, 4.41266188e-08, -4.3709413e-08, -0.00949933007, 0.99995482, 4.41266188e-08, -0.99995482, -0.00949933194),
	},
	{
		0.06797039999946719,
		CFrame.new(0, -1.57902825, 0, 1, 0, 0, 0, 1, 0, 0, 0, 1),
		CFrame.new(0.498725891, 1.43613875, 0, 0.872277737, 0.489010841, 0, -0.489010841, 0.872277737, 0, 0, 0, 1),
		CFrame.new(1.5, -0.0346645117, -0.499316216, 0.99999994, 4.36516103e-08, -4.5996611e-08, -4.36516103e-08, -0.0522798635, -0.998632431, -4.5996611e-08, 0.998632431, -0.052279871),
		CFrame.new(0.750488281, -0.110011816, -2.54634666, 0.642632425, -0.723884642, 0.251027495, 0.0266309176, -0.30633533, -0.95155102, 0.765711904, 0.618182421, -0.177583233),
		CFrame.new(0.5, -0.512896895, -1.00673199, 1, 5.07022957e-09, -2.95052871e-10, -5.07022957e-09, 0.993249893, -0.115993336, -2.95052871e-10, 0.115993336, 0.993250012),
		CFrame.new(-0.5, -0.990392447, 0.99995327, 1, 4.3709413e-08, 4.41266188e-08, -4.3709413e-08, -0.00949933007, 0.99995482, 4.41266188e-08, -0.99995482, -0.00949933194),
	},
	{
		0.10124599999835482,
		CFrame.new(0, -1.57912791, 0, 1, 0, 0, 0, 1, 0, 0, 0, 1),
		CFrame.new(0.498649597, 1.43618262, 1.04904175e-05, 0.872364879, 0.488855332, -8.35221799e-05, -0.488855332, 0.872364879, 2.18067871e-05, 8.35221799e-05, 2.18067871e-05, 1),
		CFrame.new(1.5, -0.0345275402, -0.499316216, 0.99999994, 4.36516103e-08, -4.5996611e-08, -4.36516103e-08, -0.0522798635, -0.998632431, -4.5996611e-08, 0.998632431, -0.052279871),
		CFrame.new(0.750434875, -0.109906077, -2.54635048, 0.642673671, -0.723828435, 0.251083821, 0.0266871247, -0.306376636, -0.951536179, 0.765675247, 0.61822778, -0.177583233),
		CFrame.new(0.5, -0.512735426, -1.00690365, 1, 5.07772535e-09, -2.95930391e-10, -5.07772535e-09, 0.993229806, -0.116164818, -2.95930391e-10, 0.116164818, 0.993229926),
		CFrame.new(-0.5, -0.990255177, 0.999955177, 1, 4.3709413e-08, 4.41266188e-08, -4.3709413e-08, -0.00949933007, 0.99995482, 4.41266188e-08, -0.99995482, -0.00949933194),
	},
	{
		0.1336172000010265,
		CFrame.new(0, -1.5792774, 0, 1, 0, 0, 0, 1, 0, 0, 0, 1),
		CFrame.new(0.498565674, 1.43622625, 2.47955322e-05, 0.87245208, 0.488699585, -0.000250572368, -0.488699585, 0.87245214, 6.53980023e-05, 0.000250572368, 6.53980023e-05, 1),
		CFrame.new(1.5, -0.0343563557, -0.499316216, 0.99999994, 4.36516103e-08, -4.5996611e-08, -4.36516103e-08, -0.0522798635, -0.998632431, -4.5996611e-08, 0.998632431, -0.052279871),
		CFrame.new(0.750427246, -0.109646201, -2.54634476, 0.642654598, -0.723793924, 0.251231581, 0.026754329, -0.306510866, -0.951490939, 0.765688777, 0.618201494, -0.17761603),
		CFrame.new(0.5, -0.512506545, -1.00724697, 1, 5.09275999e-09, -2.97688985e-10, -5.09275999e-09, 0.993189514, -0.116508767, -2.97688985e-10, 0.116508767, 0.993189633),
		CFrame.new(-0.5, -0.990063787, 0.99995327, 1, 4.3709413e-08, 4.41266188e-08, -4.3709413e-08, -0.00949933007, 0.99995482, 4.41266188e-08, -0.99995482, -0.00949933194),
	},
	{
		0.15167030000156956,
		CFrame.new(0, -1.57937706, 0, 1, 0, 0, 0, 1, 0, 0, 0, 1),
		CFrame.new(0.498527527, 1.43624771, 6.67572021e-05, 0.872495651, 0.488621801, -0.000272370875, -0.488621801, 0.872495711, -1.81382566e-05, 0.000228779667, 0.000148911931, 1),
		CFrame.new(1.5, -0.0342365503, -0.499316216, 0.99999994, 4.36516103e-08, -4.5996611e-08, -4.36516103e-08, -0.0522798635, -0.998632431, -4.5996611e-08, 0.998632431, -0.052279871),
		CFrame.new(0.750480652, -0.109560966, -2.54634762, 0.642594397, -0.723830521, 0.251280189, 0.0268105362, -0.306511104, -0.951489389, 0.765737295, 0.618158579, -0.177556053),
		CFrame.new(0.5, -0.512392163, -1.00741863, 1, 5.10025489e-09, -2.98570058e-10, -5.10025489e-09, 0.993169427, -0.116680235, -2.98570058e-10, 0.116680235, 0.993169546),
		CFrame.new(-0.5, -0.989947855, 0.999955177, 1, 4.3709413e-08, 4.41266188e-08, -4.3709413e-08, -0.00949933007, 0.99995482, 4.41266188e-08, -0.99995482, -0.00949933194),
	},
	{
		0.1835676999980933,
		CFrame.new(0, -1.57965112, 0, 1, 0, 0, 0, 1, 0, 0, 0, 1),
		CFrame.new(0.498352051, 1.43634582, 0.000102043152, 0.872691691, 0.488271445, -0.000465753197, -0.488271505, 0.87269181, 9.92709829e-06, 0.0004113061, 0.00021875072, 0.999999881),
		CFrame.new(1.5, -0.0339412689, -0.499316216, 0.99999994, 4.36516103e-08, -4.5996611e-08, -4.36516103e-08, -0.0522798635, -0.998632431, -4.5996611e-08, 0.998632431, -0.052279871),
		CFrame.new(0.750419617, -0.109274864, -2.54634666, 0.642611921, -0.723734915, 0.251510471, 0.026961932, -0.306696951, -0.951425135, 0.765717208, 0.618178368, -0.17757386),
		CFrame.new(0.5, -0.512014151, -1.00782681, 1, 5.11810017e-09, -3.00669711e-10, -5.11810017e-09, 0.993121386, -0.117088482, -3.00669711e-10, 0.117088482, 0.993121505),
		CFrame.new(-0.5, -0.989636362, 0.999954224, 1, 4.3709413e-08, 4.41266295e-08, -4.3709413e-08, -0.00949956849, 0.99995482, 4.41266295e-08, -0.99995482, -0.00949957035),
	},
	{
		0.20127489999867976,
		CFrame.new(0, -1.57972586, 0, 1, 0, 0, 0, 1, 0, 0, 0, 1),
		CFrame.new(0.498298645, 1.4363786, 0.000141143799, 0.872756898, 0.488154709, -0.000544732204, -0.488154829, 0.872757018, -3.64222797e-05, 0.000457639137, 0.000297701452, 0.999999881),
		CFrame.new(1.5, -0.0338257551, -0.499316216, 0.99999994, 4.36516103e-08, -4.5996611e-08, -4.36516103e-08, -0.0522798635, -0.998632431, -4.5996611e-08, 0.998632431, -0.052279871),
		CFrame.new(0.750419617, -0.109174371, -2.54635239, 0.642597914, -0.723720312, 0.25158909, 0.0270463619, -0.306727618, -0.951412976, 0.765726328, 0.618180394, -0.177528471),
		CFrame.new(0.5, -0.511849999, -1.0080204, 1, 5.12653031e-09, -3.01664471e-10, -5.12653031e-09, 0.993098617, -0.117281348, -3.01664471e-10, 0.117281348, 0.993098736),
		CFrame.new(-0.5, -0.989520609, 0.99995327, 1, 4.3709413e-08, 4.41266188e-08, -4.3709413e-08, -0.00949933007, 0.99995482, 4.41266188e-08, -0.99995482, -0.00949933194),
	},
	{
		0.23311069999908796,
		CFrame.new(0, -1.58002472, 0, 1, 0, 0, 0, 1, 0, 0, 0, 1),
		CFrame.new(0.498138428, 1.43646574, 0.000173568726, 0.872930884, 0.487843215, -0.000795329863, -0.487843335, 0.872931182, 2.87555886e-05, 0.000708296488, 0.000362894789, 0.999999702),
		CFrame.new(1.5, -0.033483386, -0.499316216, 0.99999994, 4.36516103e-08, -4.5996611e-08, -4.36516103e-08, -0.0522798635, -0.998632431, -4.5996611e-08, 0.998632431, -0.052279871),
		CFrame.new(0.750366211, -0.108808875, -2.54635048, 0.642619908, -0.723629594, 0.251792967, 0.0271698032, -0.306902885, -0.951352835, 0.765703201, 0.618199408, -0.17756103),
		CFrame.new(0.5, -0.511459053, -1.00853539, 1, 5.14905718e-09, -3.04329006e-10, -5.14905718e-09, 0.993037641, -0.117796697, -3.04329006e-10, 0.117796697, 0.99303776),
		CFrame.new(-0.5, -0.989166856, 0.999955177, 1, 4.3709413e-08, 4.41266188e-08, -4.3709413e-08, -0.00949933007, 0.99995482, 4.41266188e-08, -0.99995482, -0.00949933194),
	},
	{
		0.2512776000003214,
		CFrame.new(0, -1.58022416, 0, 1, 0, 0, 0, 1, 0, 0, 0, 1),
		CFrame.new(0.498062134, 1.43650925, 0.000226020813, 0.873017848, 0.487687469, -0.000900620304, -0.487687707, 0.873018146, -3.3101227e-05, 0.000770114886, 0.000468119339, 0.999999583),
		CFrame.new(1.5, -0.0332778692, -0.499316216, 0.99999994, 4.36516103e-08, -4.5996611e-08, -4.36516103e-08, -0.0522798635, -0.998632431, -4.5996611e-08, 0.998632431, -0.052279871),
		CFrame.new(0.750358582, -0.108605742, -2.54634476, 0.642600834, -0.723595083, 0.251940668, 0.0272370372, -0.307037055, -0.951307595, 0.765716791, 0.618173122, -0.177593753),
		CFrame.new(0.5, -0.511229575, -1.00887871, 1, 5.16408827e-09, -3.06116021e-10, -5.16408827e-09, 0.992996752, -0.118140571, -3.06116021e-10, 0.118140571, 0.992996871),
		CFrame.new(-0.5, -0.988971651, 0.999955177, 1, 4.3709413e-08, 4.41266188e-08, -4.3709413e-08, -0.00949933007, 0.99995482, 4.41266188e-08, -0.99995482, -0.00949933194),
	},
	{
		0.2839830000011716,
		CFrame.new(0, -1.58057296, 0, 1, 0, 0, 0, 1, 0, 0, 0, 1),
		CFrame.new(0.497871399, 1.43661773, 0.00030040741, 0.873235047, 0.487297863, -0.00117297005, -0.48729828, 0.873235643, -5.16467262e-05, 0.000999111915, 0.000616685953, 0.999999285),
		CFrame.new(1.5, -0.032867074, -0.499316216, 0.99999994, 4.36516103e-08, -4.5996611e-08, -4.36516103e-08, -0.0522798635, -0.998632431, -4.5996611e-08, 0.998632431, -0.052279871),
		CFrame.new(0.750350952, -0.108155012, -2.54634476, 0.642562807, -0.723540783, 0.252193213, 0.027416626, -0.307212472, -0.951245785, 0.765742183, 0.618149459, -0.17756635),
		CFrame.new(0.5, -0.510686517, -1.00948048, 1, 5.1903597e-09, -3.09249515e-10, -5.1903597e-09, 0.992925048, -0.118741587, -3.09249515e-10, 0.118741587, 0.992925167),
		CFrame.new(-0.5, -0.98854053, 0.999955177, 1, 4.3709413e-08, 4.41266188e-08, -4.3709413e-08, -0.00949933007, 0.99995482, 4.41266188e-08, -0.99995482, -0.00949933194),
	},
	{
		0.3178533000027528,
		CFrame.new(0, -1.58097148, 0, 1, 0, 0, 0, 1, 0, 0, 0, 1),
		CFrame.new(0.497634888, 1.43674803, 0.000385284424, 0.873495162, 0.486830473, -0.00152885588, -0.486831129, 0.873496115, -4.86680656e-05, 0.00131175644, 0.000786805991, 0.999998868),
		CFrame.new(1.5, -0.0324047804, -0.499316216, 0.99999994, 4.36516103e-08, -4.5996611e-08, -4.36516103e-08, -0.0522798635, -0.998632431, -4.5996611e-08, 0.998632431, -0.052279871),
		CFrame.new(0.750289917, -0.10771215, -2.54635048, 0.642565787, -0.723430455, 0.252501875, 0.0276526306, -0.307428807, -0.951169133, 0.765731215, 0.618171155, -0.177538559),
		CFrame.new(0.5, -0.51013273, -1.01016712, 1, 5.22037391e-09, -3.12848414e-10, -5.22037391e-09, 0.992842734, -0.119428232, -3.12848414e-10, 0.119428232, 0.992842853),
		CFrame.new(-0.5, -0.988059223, 0.999955177, 1, 4.3709413e-08, 4.41266188e-08, -4.3709413e-08, -0.00949933007, 0.99995482, 4.41266188e-08, -0.99995482, -0.00949933194),
	},
	{
		0.3499958000029437,
		CFrame.new(0, -1.58141994, 0, 1, 0, 0, 0, 1, 0, 0, 0, 1),
		CFrame.new(0.497360229, 1.4368999, 0.000459671021, 0.873798549, 0.486284673, -0.00180118647, -0.486285567, 0.87379992, -6.76478958e-05, 0.00154098053, 0.000935001764, 0.999998391),
		CFrame.new(1.5, -0.031874299, -0.499316216, 0.99999994, 4.36516103e-08, -4.5996611e-08, -4.36516103e-08, -0.0522798635, -0.998632431, -4.5996611e-08, 0.998632431, -0.052279871),
		CFrame.new(0.750236511, -0.107212663, -2.5463562, 0.642569005, -0.723320067, 0.252810627, 0.0278886054, -0.307645112, -0.951092422, 0.765720129, 0.618192911, -0.177510843),
		CFrame.new(0.5, -0.509463489, -1.01102448, 1, 5.25787813e-09, -3.17378124e-10, -5.25787813e-09, 0.992739141, -0.120286234, -3.17378124e-10, 0.120286234, 0.99273926),
		CFrame.new(-0.5, -0.987525702, 0.999955177, 1, 4.3709413e-08, 4.41266188e-08, -4.3709413e-08, -0.00949933007, 0.99995482, 4.41266188e-08, -0.99995482, -0.00949933194),
	},
	{
		0.3849155999996583,
		CFrame.new(0, -1.58191812, 0, 1, 0, 0, 0, 1, 0, 0, 0, 1),
		CFrame.new(0.497085571, 1.43705165, 0.000544548035, 0.874101341, 0.485738784, -0.00215706765, -0.485740036, 0.874103308, -6.51403097e-05, 0.00185385882, 0.00110471342, 0.999997675),
		CFrame.new(1.5, -0.0313093662, -0.499316216, 0.99999994, 4.36516103e-08, -4.5996611e-08, -4.36516103e-08, -0.0522798635, -0.998632431, -4.5996611e-08, 0.998632431, -0.052279871),
		CFrame.new(0.750167847, -0.10658741, -2.54634762, 0.642571867, -0.72319454, 0.253162175, 0.0280792806, -0.307954252, -0.950986683, 0.765710831, 0.618185759, -0.177575961),
		CFrame.new(0.5, -0.508793414, -1.01188374, 1, 5.29541966e-09, -3.21943361e-10, -5.29541966e-09, 0.992634714, -0.121145085, -3.21943361e-10, 0.121145085, 0.992634833),
		CFrame.new(-0.5, -0.986943841, 0.999955177, 1, 4.3709413e-08, 4.41266188e-08, -4.3709413e-08, -0.00949933007, 0.99995482, 4.41266188e-08, -0.99995482, -0.00949933194),
	},
	{
		0.41656720000173664,
		CFrame.new(0, -1.58246624, 0, 1, 0, 0, 0, 1, 0, 0, 0, 1),
		CFrame.new(0.496780396, 1.43722475, 0.000639915466, 0.874446511, 0.485114962, -0.002596515, -0.48511669, 0.874449432, -4.13380913e-05, 0.00225046719, 0.00129576097, 0.999996662),
		CFrame.new(1.5, -0.0306930542, -0.499316216, 0.99999994, 4.36516103e-08, -4.5996611e-08, -4.36516103e-08, -0.0522798635, -0.998632431, -4.5996611e-08, 0.998632431, -0.052279871),
		CFrame.new(0.750106812, -0.105941415, -2.54634666, 0.642555416, -0.723049283, 0.253618419, 0.0283824001, -0.308304399, -0.950864136, 0.765713453, 0.618181109, -0.177580759),
		CFrame.new(0.5, -0.508017719, -1.01282787, 1, 5.33670219e-09, -3.27002425e-10, -5.33670264e-09, 0.992518961, -0.12208952, -3.27002425e-10, 0.12208952, 0.992519081),
		CFrame.new(-0.5, -0.986313641, 0.99995327, 1, 4.3709413e-08, 4.41266188e-08, -4.3709413e-08, -0.00949933007, 0.99995482, 4.41266188e-08, -0.99995482, -0.00949933194),
	},
	{
		0.43363400000089314,
		CFrame.new(0, -1.5827651, 0, 1, 0, 0, 0, 1, 0, 0, 0, 1),
		CFrame.new(0.496620178, 1.43731117, 0.000702857971, 0.874619126, 0.484802693, -0.00278526521, -0.484804779, 0.874622405, -8.21475987e-05, 0.00239622989, 0.00142215751, 0.999996126),
		CFrame.new(1.5, -0.0303678513, -0.499316216, 0.99999994, 4.36516103e-08, -4.5996611e-08, -4.36516103e-08, -0.0522798635, -0.998632431, -4.5996611e-08, 0.998632431, -0.052279871),
		CFrame.new(0.750053406, -0.105576158, -2.54634476, 0.64257735, -0.722958386, 0.253822267, 0.0285059903, -0.308479369, -0.950803816, 0.765690565, 0.618200302, -0.177613169),
		CFrame.new(0.5, -0.507624269, -1.01334286, 1, 5.35921307e-09, -3.29777095e-10, -5.35921307e-09, 0.992455482, -0.122604504, -3.29777095e-10, 0.122604504, 0.992455602),
		CFrame.new(-0.5, -0.985979259, 0.999955177, 1, 4.3709413e-08, 4.41266188e-08, -4.3709413e-08, -0.00949933007, 0.99995482, 4.41266188e-08, -0.99995482, -0.00949933194),
	},
	{
		0.450433999998495,
		CFrame.new(0, -1.58306408, 0, 1, 0, 0, 0, 1, 0, 0, 0, 1),
		CFrame.new(0.49646759, 1.43739748, 0.000777244568, 0.874791265, 0.484490305, -0.00305757555, -0.484492868, 0.874795198, -0.000101425569, 0.00262561277, 0.00157009962, 0.999995291),
		CFrame.new(1.5, -0.0300426483, -0.499316216, 0.99999994, 4.36516103e-08, -4.5996611e-08, -4.36516103e-08, -0.0522798635, -0.998632431, -4.5996611e-08, 0.998632431, -0.052279871),
		CFrame.new(0.750045776, -0.105238914, -2.54634571, 0.642538726, -0.722903788, 0.254074544, 0.0286856387, -0.308654487, -0.950741529, 0.765716016, 0.61817652, -0.177585512),
		CFrame.new(0.5, -0.50723052, -1.01385784, 1, 5.38172351e-09, -3.32562422e-10, -5.38172396e-09, 0.992391706, -0.123119488, -3.32562422e-10, 0.123119488, 0.992391825),
		CFrame.new(-0.5, -0.985635161, 0.999955177, 1, 4.3709413e-08, 4.41266188e-08, -4.3709413e-08, -0.00949933007, 0.99995482, 4.41266188e-08, -0.99995482, -0.00949933194),
	},
	{
		0.4846255000011297,
		CFrame.new(0, -1.58366191, 0, 1, 0, 0, 0, 1, 0, 0, 0, 1),
		CFrame.new(0.496116638, 1.43759191, 0.000872612, 0.875178397, 0.483787745, -0.0034970236, -0.483790964, 0.875183582, -7.84143922e-05, 0.00302260183, 0.00176045508, 0.99999392),
		CFrame.new(1.5, -0.0293235779, -0.499316216, 0.99999994, 4.36516103e-08, -4.5996611e-08, -4.36516103e-08, -0.0522798635, -0.998632431, -4.5996611e-08, 0.998632431, -0.052279871),
		CFrame.new(0.749984741, -0.104605436, -2.54635811, 0.642521739, -0.722773314, 0.254487872, 0.0290341768, -0.308911681, -0.950647235, 0.76571691, 0.618200481, -0.177497432),
		CFrame.new(0.5, -0.506348014, -1.01488781, 1, 5.42673817e-09, -3.38172157e-10, -5.42673817e-09, 0.992263436, -0.1241493, -3.38172157e-10, 0.1241493, 0.992263556),
		CFrame.new(-0.5, -0.98491025, 0.999955177, 1, 4.3709413e-08, 4.41266188e-08, -4.3709413e-08, -0.00949933007, 0.99995482, 4.41266188e-08, -0.99995482, -0.00949933194),
	},
	{
		0.5175768000044627,
		CFrame.new(0, -1.5843097, 0, 1, 0, 0, 0, 1, 0, 0, 0, 1),
		CFrame.new(0.495758057, 1.43778574, 0.00100898743, 0.875564694, 0.483084738, -0.00395802129, -0.48308903, 0.875571251, -0.000139347976, 0.00339821284, 0.00203408487, 0.999992192),
		CFrame.new(1.5, -0.0285704136, -0.499316216, 0.99999994, 4.36516103e-08, -4.5996611e-08, -4.36516103e-08, -0.0522798635, -0.998632431, -4.5996611e-08, 0.998632431, -0.052279871),
		CFrame.new(0.749916077, -0.103721023, -2.5463438, 0.642504632, -0.722612679, 0.254986465, 0.0292922948, -0.309353948, -0.950495541, 0.76572144, 0.618167162, -0.177594498),
		CFrame.new(0.5, -0.505395532, -1.01608849, 1, 5.47923484e-09, -3.44773099e-10, -5.47923484e-09, 0.992112398, -0.125350282, -3.44773099e-10, 0.125350282, 0.992112517),
		CFrame.new(-0.5, -0.984138966, 0.999955177, 1, 4.3709413e-08, 4.41266188e-08, -4.3709413e-08, -0.00949933007, 0.99995482, 4.41266188e-08, -0.99995482, -0.00949933194),
	},
	{
		0.534265599999344,
		CFrame.new(0, -1.5846585, 0, 1, 0, 0, 0, 1, 0, 0, 0, 1),
		CFrame.new(0.495567322, 1.43789327, 0.00108337402, 0.875778735, 0.482694119, -0.00423029624, -0.482699007, 0.875786245, -0.00015929027, 0.0036279466, 0.00218146341, 0.999991059),
		CFrame.new(1.5, -0.0281938314, -0.499316216, 0.99999994, 4.36516103e-08, -4.5996611e-08, -4.36516103e-08, -0.0522798635, -0.998632431, -4.5996611e-08, 0.998632431, -0.052279871),
		CFrame.new(0.749908447, -0.103384018, -2.54634476, 0.642466128, -0.722558081, 0.255238652, 0.0294720624, -0.309528679, -0.950433195, 0.765746951, 0.618143559, -0.177566469),
		CFrame.new(0.5, -0.504942358, -1.01669025, 1, 5.50552048e-09, -3.48098439e-10, -5.50552004e-09, 0.992036283, -0.125951618, -3.48098439e-10, 0.125951618, 0.992036402),
		CFrame.new(-0.5, -0.98373878, 0.999955177, 1, 4.3709413e-08, 4.41266188e-08, -4.3709413e-08, -0.00949933007, 0.99995482, 4.41266188e-08, -0.99995482, -0.00949933194),
	},
	{
		0.5672030999994604,
		CFrame.new(0, -1.585356, 0, 1, 0, 0, 0, 1, 0, 0, 0, 1),
		CFrame.new(0.495178223, 1.43810821, 0.0011882782, 0.876206517, 0.481912464, -0.0047533433, -0.481918365, 0.876216173, -0.000115931965, 0.00410908693, 0.00239230343, 0.999988735),
		CFrame.new(1.5, -0.0273721218, -0.499316216, 0.99999994, 4.36516103e-08, -4.5996611e-08, -4.36516103e-08, -0.0522798635, -0.998632431, -4.5996611e-08, 0.998632431, -0.052279871),
		CFrame.new(0.749794006, -0.102519631, -2.54634857, 0.642489851, -0.722356081, 0.255750805, 0.029831687, -0.309919178, -0.950294733, 0.765713334, 0.618184149, -0.177570835),
		CFrame.new(0.5, -0.503940642, -1.01789093, 1, 5.55800206e-09, -3.54795304e-10, -5.55800206e-09, 0.991883099, -0.127152264, -3.54795304e-10, 0.127152264, 0.991883218),
		CFrame.new(-0.5, -0.982903719, 0.999955177, 1, 4.3709413e-08, 4.41266188e-08, -4.3709413e-08, -0.00949933007, 0.99995482, 4.41266188e-08, -0.99995482, -0.00949933194),
	},
	{
		0.584317300003022,
		CFrame.new(0, -1.5857048, 0, 1, 0, 0, 0, 1, 0, 0, 0, 1),
		CFrame.new(0.494979858, 1.43821526, 0.00126171112, 0.876419961, 0.481521368, -0.00502561033, -0.481528044, 0.87643069, -0.000136232935, 0.00433900021, 0.00253936974, 0.999987364),
		CFrame.new(1.5, -0.0269442797, -0.499316216, 0.99999994, 4.36516103e-08, -4.5996611e-08, -4.36516103e-08, -0.0522798635, -0.998632431, -4.5996611e-08, 0.998632431, -0.052279871),
		CFrame.new(0.749732971, -0.102133632, -2.54635334, 0.642491937, -0.722245038, 0.256059229, 0.0300677214, -0.310134947, -0.950216949, 0.765702486, 0.618205667, -0.17754291),
		CFrame.new(0.5, -0.503381014, -1.01857758, 1, 5.58802338e-09, -3.58653551e-10, -5.58802338e-09, 0.991794825, -0.127839074, -3.58653551e-10, 0.127839074, 0.991794944),
		CFrame.new(-0.5, -0.982468784, 0.99995327, 1, 4.3709413e-08, 4.41266188e-08, -4.3709413e-08, -0.00949933007, 0.99995482, 4.41266188e-08, -0.99995482, -0.00949933194),
	},
	{
		0.6171744000021135,
		CFrame.new(0, -1.58650196, 0, 1, 0, 0, 0, 1, 0, 0, 0, 1),
		CFrame.new(0.494552612, 1.43845093, 0.00140857697, 0.876888812, 0.480660886, -0.00557010807, -0.48066923, 0.876901925, -0.000177447451, 0.00479914621, 0.00283298152, 0.999984443),
		CFrame.new(1.5, -0.0260711908, -0.499316216, 0.99999994, 4.36516103e-08, -4.5996611e-08, -4.36516103e-08, -0.0522798635, -0.998632431, -4.5996611e-08, 0.998632431, -0.052279871),
		CFrame.new(0.749664307, -0.101172209, -2.54634666, 0.642454803, -0.722064018, 0.25666219, 0.0304385219, -0.310617685, -0.950047433, 0.765718937, 0.618174791, -0.177579254),
		CFrame.new(0.5, -0.502307534, -1.01994991, 1, 5.64801406e-09, -3.66430442e-10, -5.64801406e-09, 0.991616964, -0.1292115, -3.66430442e-10, 0.1292115, 0.991617084),
		CFrame.new(-0.5, -0.981571853, 0.999955177, 1, 4.3709413e-08, 4.41266188e-08, -4.3709413e-08, -0.00949933007, 0.99995482, 4.41266188e-08, -0.99995482, -0.00949933194),
	},
	{
		0.6510851999992155,
		CFrame.new(0, -1.58729911, 0, 1, 0, 0, 0, 1, 0, 0, 0, 1),
		CFrame.new(0.49407959, 1.43870759, 0.00156593323, 0.877398908, 0.479721487, -0.00619818829, -0.479731798, 0.87741518, -0.000198096503, 0.00534335338, 0.00314727821, 0.999980807),
		CFrame.new(1.5, -0.0251638889, -0.499316216, 0.99999994, 4.36516103e-08, -4.5996611e-08, -4.36516103e-08, -0.0522798635, -0.998632431, -4.5996611e-08, 0.998632431, -0.052279871),
		CFrame.new(0.749549866, -0.100251555, -2.54634953, 0.64247781, -0.721861482, 0.257174045, 0.0307982955, -0.311007619, -0.949908257, 0.76568532, 0.618215263, -0.177583337),
		CFrame.new(0.5, -0.50118494, -1.02132225, 1, 5.70799408e-09, -3.74285491e-10, -5.70799363e-09, 0.991437197, -0.130583674, -3.74285491e-10, 0.130583674, 0.991437316),
		CFrame.new(-0.5, -0.980636239, 0.999955177, 1, 4.3709413e-08, 4.41266188e-08, -4.3709413e-08, -0.00949933007, 0.99995482, 4.41266188e-08, -0.99995482, -0.00949933194),
	},
	{
		0.6840458000006038,
		CFrame.new(0, -1.58809638, 0, 1, 0, 0, 0, 1, 0, 0, 0, 1),
		CFrame.new(0.493652344, 1.43894219, 0.00172328949, 0.877864838, 0.478859872, -0.00682625733, -0.478872329, 0.877884567, -0.000219112146, 0.00588774215, 0.00346125616, 0.999976695),
		CFrame.new(1.5, -0.0242224932, -0.499316216, 0.99999994, 4.36516103e-08, -4.5996611e-08, -4.36516103e-08, -0.0522798635, -0.998632431, -4.5996611e-08, 0.998632431, -0.052279871),
		CFrame.new(0.749526978, -0.0992618799, -2.54634571, 0.642379463, -0.721716583, 0.257825166, 0.0312253032, -0.31148985, -0.949736238, 0.765750408, 0.618141592, -0.177558884),
		CFrame.new(0.5, -0.500001848, -1.02278042, 1, 5.77174086e-09, -3.82730292e-10, -5.77174086e-09, 0.991244018, -0.132042035, -3.82730292e-10, 0.132042035, 0.991244137),
		CFrame.new(-0.5, -0.979661942, 0.999955177, 1, 4.3709413e-08, 4.41266188e-08, -4.3709413e-08, -0.00949933007, 0.99995482, 4.41266188e-08, -0.99995482, -0.00949933194),
	},
	{
		0.7169517000002088,
		CFrame.new(0, -1.58894336, 0, 1, 0, 0, 0, 1, 0, 0, 0, 1),
		CFrame.new(0.493141174, 1.43921912, 0.00187969208, 0.878414631, 0.477841198, -0.00745428354, -0.47785604, 0.878438175, -0.000241406146, 0.00643277355, 0.00377412839, 0.999972165),
		CFrame.new(1.5, -0.023229599, -0.499316216, 0.99999994, 4.36516103e-08, -4.5996611e-08, -4.36516103e-08, -0.0522798635, -0.998632431, -4.5996611e-08, 0.998632431, -0.052279871),
		CFrame.new(0.749412537, -0.0983206034, -2.5463562, 0.642381966, -0.721493661, 0.258441478, 0.0316976383, -0.311920464, -0.949579179, 0.765728712, 0.618184566, -0.177502498),
		CFrame.new(0.5, -0.498758078, -1.02432346, 1, 5.83917403e-09, -3.91768396e-10, -5.83917359e-09, 0.99103725, -0.133584723, -3.91768396e-10, 0.133584723, 0.991037369),
		CFrame.new(-0.5, -0.978650987, 0.999955177, 1, 4.3709413e-08, 4.41266188e-08, -4.3709413e-08, -0.00949933007, 0.99995482, 4.41266188e-08, -0.99995482, -0.00949933194),
	},
	{
		0.733784399999422,
		CFrame.new(0, -1.58939183, 0, 1, 0, 0, 0, 1, 0, 0, 0, 1),
		CFrame.new(0.492904663, 1.43934643, 0.00195217133, 0.87866801, 0.477370739, -0.0077264593, -0.477386773, 0.878693223, -0.000263282331, 0.00666350452, 0.00391984731, 0.999970138),
		CFrame.new(1.5, -0.0227332115, -0.499316216, 0.99999994, 4.36516103e-08, -4.5996611e-08, -4.36516103e-08, -0.0522798635, -0.998632431, -4.5996611e-08, 0.998632431, -0.052279871),
		CFrame.new(0.749351501, -0.0977531672, -2.54634857, 0.642383158, -0.721366942, 0.258792043, 0.03188885, -0.312227845, -0.949471772, 0.765719771, 0.618177295, -0.177566424),
		CFrame.new(0.5, -0.498135209, -1.02509499, 1, 5.87290483e-09, -3.9633008e-10, -5.87290439e-09, 0.990932941, -0.134356394, -3.9633008e-10, 0.134356394, 0.990933061),
		CFrame.new(-0.5, -0.978132904, 0.999955177, 1, 4.3709413e-08, 4.41266188e-08, -4.3709413e-08, -0.00949933007, 0.99995482, 4.41266188e-08, -0.99995482, -0.00949933194),
	},
	{
		0.750685799997882,
		CFrame.new(0, -1.58984017, 0, 1, 0, 0, 0, 1, 0, 0, 0, 1),
		CFrame.new(0.492668152, 1.43947387, 0.00207710266, 0.878920376, 0.476899713, -0.00810352992, -0.476917833, 0.878947794, -0.000347733614, 0.00695674587, 0.0041703484, 0.999967098),
		CFrame.new(1.5, -0.0222196579, -0.499316216, 0.99999994, 4.36516103e-08, -4.5996611e-08, -4.36516103e-08, -0.0522798635, -0.998632431, -4.5996611e-08, 0.998632431, -0.052279871),
		CFrame.new(0.749298096, -0.0972543955, -2.54635334, 0.642384231, -0.721255362, 0.25910008, 0.0321250334, -0.312442958, -0.949393034, 0.765708923, 0.618198812, -0.177538171),
		CFrame.new(0.5, -0.497511864, -1.02586651, 1, 5.9066303e-09, -4.00913081e-10, -5.9066303e-09, 0.990828037, -0.135127947, -4.00913081e-10, 0.135127947, 0.990828156),
		CFrame.new(-0.5, -0.977607131, 0.999955177, 1, 4.3709413e-08, 4.41266188e-08, -4.3709413e-08, -0.00949933007, 0.99995482, 4.41266188e-08, -0.99995482, -0.00949933194),
	},
	{
		0.7836567999984254,
		CFrame.new(0, -1.59073699, 0, 1, 0, 0, 0, 1, 0, 0, 0, 1),
		CFrame.new(0.492118835, 1.43977082, 0.00224399567, 0.879508674, 0.475801319, -0.00881511904, -0.475822479, 0.879541278, -0.000350667862, 0.0075864126, 0.00450284686, 0.999961078),
		CFrame.new(1.5, -0.0211583376, -0.499316216, 0.99999994, 4.36516103e-08, -4.5996611e-08, -4.36516103e-08, -0.0522798635, -0.998632431, -4.5996611e-08, 0.998632431, -0.052279871),
		CFrame.new(0.749221802, -0.096159935, -2.54635334, 0.642325699, -0.721053421, 0.259806871, 0.0326086655, -0.312964946, -0.949204624, 0.765737772, 0.618170381, -0.177512839),
		CFrame.new(0.5, -0.496156871, -1.02749538, 1, 5.97784489e-09, -4.10686596e-10, -5.97784489e-09, 0.99060446, -0.13675715, -4.10686596e-10, 0.13675715, 0.990604579),
		CFrame.new(-0.5, -0.976528466, 0.999955177, 1, 4.3709413e-08, 4.41266188e-08, -4.3709413e-08, -0.00949933007, 0.99995482, 4.41266188e-08, -0.99995482, -0.00949933194),
	},
	{
		0.800460500002373,
		CFrame.new(0, -1.59123516, 0, 1, 0, 0, 0, 1, 0, 0, 0, 1),
		CFrame.new(0.491882324, 1.43989754, 0.00231647491, 0.879760504, 0.475330234, -0.00908723939, -0.475352824, 0.879795194, -0.000373221235, 0.00781750586, 0.00464799069, 0.999958634),
		CFrame.new(1.5, -0.0206276178, -0.499316216, 0.99999994, 4.36516103e-08, -4.5996611e-08, -4.36516103e-08, -0.0522798635, -0.998632431, -4.5996611e-08, 0.998632431, -0.052279871),
		CFrame.new(0.749160767, -0.0955923796, -2.54634476, 0.642326295, -0.720926344, 0.260157347, 0.0327996388, -0.313272417, -0.94909662, 0.765728951, 0.61816287, -0.177577093),
		CFrame.new(0.5, -0.495531559, -1.02826691, 1, 6.01155881e-09, -4.15354862e-10, -6.01155881e-09, 0.990497708, -0.137528434, -4.15354862e-10, 0.137528434, 0.990497828),
		CFrame.new(-0.5, -0.975979447, 0.999955177, 1, 4.3709413e-08, 4.41266188e-08, -4.3709413e-08, -0.00949933007, 0.99995482, 4.41266188e-08, -0.99995482, -0.00949933194),
	},
	{
		0.8176203000039095,
		CFrame.new(0, -1.59168351, 0, 1, 0, 0, 0, 1, 0, 0, 0, 1),
		CFrame.new(0.491607666, 1.44004548, 0.00239944458, 0.88005352, 0.47478053, -0.00944302604, -0.474804789, 0.880091012, -0.000375199597, 0.00813258439, 0.00481379032, 0.999955356),
		CFrame.new(1.5, -0.0200799704, -0.499316216, 0.99999994, 4.36516103e-08, -4.5996611e-08, -4.36516103e-08, -0.0522798635, -0.998632431, -4.5996611e-08, 0.998632431, -0.052279871),
		CFrame.new(0.749107361, -0.0950373411, -2.54635048, 0.642327011, -0.720814645, 0.260465175, 0.0330360308, -0.313486993, -0.949017644, 0.765718341, 0.618184388, -0.177548379),
		CFrame.new(0.5, -0.494846582, -1.02912331, 1, 6.04900574e-09, -4.20570245e-10, -6.04900574e-09, 0.99037838, -0.138385117, -4.20570245e-10, 0.138385117, 0.990378499),
		CFrame.new(-0.5, -0.975420833, 0.999955177, 1, 4.3709413e-08, 4.41266188e-08, -4.3709413e-08, -0.00949933007, 0.99995482, 4.41266188e-08, -0.99995482, -0.00949933194),
	},
	{
		0.8344916999994894,
		CFrame.new(0, -1.59218192, 0, 1, 0, 0, 0, 1, 0, 0, 0, 1),
		CFrame.new(0.491333008, 1.44019341, 0.00248241425, 0.88034606, 0.474230766, -0.00979881082, -0.474256754, 0.880386531, -0.000377399148, 0.00844776724, 0.00497939344, 0.999951899),
		CFrame.new(1.5, -0.0195322037, -0.499316216, 0.99999994, 4.36516103e-08, -4.5996611e-08, -4.36516103e-08, -0.0522798635, -0.998632431, -4.5996611e-08, 0.998632431, -0.052279871),
		CFrame.new(0.74899292, -0.0944781303, -2.54634666, 0.642368376, -0.720630825, 0.26087147, 0.0332837775, -0.313834608, -0.948894024, 0.765672922, 0.618222296, -0.177612141),
